1.86470588235303159e-01
1.86470588235238294e-01
1.86470588235301327e-01
1.86470588235238294e-01
1.00000000000000002e-02
1.86470588235301327e-01
1.86470588235301327e-01
1.00000000000000002e-02
1.86470588235301327e-01
1.86470588235301327e-01
1.86470588235301327e-01
1.00000000000000002e-02
1.86470588235301327e-01
1.86470588235301327e-01
1.86470588235301327e-01
1.86470588235301327e-01
1.86470588235303159e-01
1.86470588235301327e-01
1.86470588235303159e-01
1.86470588235301327e-01
1.00000000000000002e-02
1.00000000000000002e-02
1.00000000000000002e-02
1.00000000000000002e-02
1.00000000000000002e-02
1.00000000000000002e-02
1.00000000000000002e-02
9.00999999999999979e+00
1.00000000000000002e-02
1.00000000000000002e-02
1.00000000000000002e-02
1.00000000000000002e-02
1.00000000000000002e-02
1.00000000000000002e-02
1.00000000000000002e-02
1.00000000000000002e-02
1.00000000000000002e-02
1.00000000000000002e-02
1.00000000000000002e-02
1.00000000000000002e-02
1.00000000000000002e-02
1.00000000000000002e-02
1.00000000000000002e-02
1.00000000000000002e-02
1.00000000000000002e-02
1.00000000000000002e-02
1.00000000000000002e-02
1.00000000000000002e-02
1.00000000000000002e-02
1.00000000000000002e-02
1.00000000000000002e-02
5.00999999999999979e+00
1.00000000000000002e-02
1.00000000000000002e-02
1.00000000000000002e-02
1.00000000000000002e-02
1.00000000000000002e-02
1.00000000000000002e-02
1.00000000000000002e-02
1.00000000000000002e-02
1.00000000000000002e-02
1.00000000000000002e-02
1.00000000000000002e-02
1.00000000000000002e-02
1.00000000000000002e-02
1.00000000000000002e-02
1.00000000000000002e-02
1.00000000000000002e-02
1.00000000000000002e-02
1.00000000000000002e-02
1.00000000000000002e-02
6.00999999999999979e+00
1.00000000000000002e-02
1.00000000000000002e-02
1.00000000000000002e-02
1.00000000000000002e-02
1.00000000000000002e-02
1.00000000000000002e-02
1.00000000000000002e-02
1.00000000000000002e-02
1.00000000000000002e-02
1.00000000000000002e-02
1.00000000000000002e-02
1.00000000000000002e-02
1.00000000000000002e-02
1.00000000000000002e-02
1.00000000000000002e-02
4.00999999999999979e+00
1.00000000000000002e-02
1.00000000000000002e-02
1.00000000000000002e-02
1.00000000000000002e-02
1.00000000000000002e-02
1.00000000000000002e-02
1.00000000000000002e-02
1.00000000000000002e-02
1.00000000000000002e-02
1.00000000000000002e-02
1.00000000000000002e-02
1.00000000000000002e-02
1.00000000000000002e-02
1.00000000000000002e-02
1.00000000000000002e-02
1.00000000000000002e-02
3.00999999999999979e+00
1.00000000000000002e-02
1.00000000000000002e-02
1.00000000000000002e-02
1.00000000000000002e-02
1.00000000000000002e-02
1.00000000000000002e-02
1.00000000000000002e-02
1.00000000000000002e-02
1.00000000000000002e-02
1.00000000000000002e-02
1.00000000000000002e-02
1.00000000000000002e-02
1.00000000000000002e-02
1.00000000000000002e-02
1.00000000000000002e-02
1.00000000000000002e-02
1.00000000000000002e-02
1.00000000000000002e-02
1.00000000000000002e-02
4.00999999999999979e+00
1.00000000000000002e-02
1.00000000000000002e-02
1.00000000000000002e-02
1.00000000000000002e-02
1.00000000000000002e-02
1.00000000000000002e-02
1.00000000000000002e-02
1.00000000000000002e-02
1.00000000000000002e-02
1.00000000000000002e-02
1.00000000000000002e-02
1.00000000000000002e-02
1.00000000000000002e-02
1.00000000000000002e-02
1.00000000000000002e-02
1.00000000000000002e-02
1.00000000000000002e-02
1.00000000000000002e-02
1.00000000000000002e-02
5.00999999999999979e+00
1.00000000000000002e-02
1.00000000000000002e-02
1.00000000000000002e-02
1.00000000000000002e-02
1.00000000000000002e-02
1.00000000000000002e-02
1.00000000000000002e-02
1.00000000000000002e-02
1.00000000000000002e-02
1.00000000000000002e-02
1.00000000000000002e-02
1.00000000000000002e-02
1.00000000000000002e-02
1.00000000000000002e-02
1.00000000000000002e-02
2.45294117647058385e-01
2.45294117647058385e-01
2.45294117647058385e-01
2.45294117647054832e-01
1.00000000000000002e-02
2.45294117647058385e-01
2.45294117647058385e-01
1.00000000000000002e-02
2.45294117647058385e-01
2.45294117647058385e-01
2.45294117647062326e-01
1.00000000000000002e-02
2.45294117647058385e-01
2.45294117647062326e-01
2.45294117647062326e-01
2.45294117647058385e-01
2.45294117647054832e-01
2.45294117647058385e-01
2.45294117647058385e-01
2.45294117647062326e-01
