-3.00510587130344398e+00
-3.00510587130086204e+00
-3.00510587130337203e+00
-3.00510587130086204e+00
-2.30757152854935949e-42
-3.00510587130337203e+00
-3.00510587130337203e+00
-5.76989147395766240e-42
-3.00510587130337203e+00
-3.00510587130337203e+00
-3.00510587130337203e+00
-4.43740956343044376e-42
-3.00510587130337203e+00
-3.00510587130337203e+00
-3.00510587130337203e+00
-3.00510587130337203e+00
-3.00510587130344398e+00
-3.00510587130337203e+00
-3.00510587130344398e+00
-3.00510587130337203e+00
6.38658995275872776e-01
-7.00577762682882609e-44
-7.00577762682882609e-44
-7.00577762682882609e-44
-7.00577762682882609e-44
-2.82074419480104529e-44
-7.00577762682882609e-44
-7.00577762682882609e-44
-1.84551003984068522e+01
-7.00577762682882609e-44
-7.00577762682882609e-44
-7.00577762682882609e-44
-7.97333834501931980e-44
-7.00577762682882609e-44
-7.00577762682882609e-44
-7.00577762682882609e-44
-7.00577762682882609e-44
-7.00577762682882609e-44
-7.00577762682882609e-44
-7.00577762682882609e-44
-7.00577762682882609e-44
-9.51099943774977241e+00
-8.24683812714993978e-44
-8.24683812714993978e-44
-8.24683812714993978e-44
-8.24683812714993978e-44
-8.14438803149030797e-44
-8.24683812714993978e-44
-8.24683812714993978e-44
-6.54945104649702790e-44
-8.24683812714993978e-44
-8.24683812714993978e-44
-8.24683812714993978e-44
-1.45581619398261246e+01
-8.24683812714993978e-44
-8.24683812714993978e-44
-8.24683812714993978e-44
-8.24683812714993978e-44
-8.24683812714993978e-44
-8.24683812714993978e-44
-8.24683812714993978e-44
-8.24683812714993978e-44
-1.95957633981912638e+00
-6.86221739483976697e-44
-6.86221739483976697e-44
-6.86221739483976697e-44
-6.86221739483976697e-44
-9.29870552058202693e-44
-6.86221739483976697e-44
-6.86221739483976697e-44
-1.24675594392822494e-43
-6.86221739483976697e-44
-6.86221739483976697e-44
-6.86221739483976697e-44
-1.43187915384204985e+01
-6.86221739483976697e-44
-6.86221739483976697e-44
-6.86221739483976697e-44
-6.86221739483976697e-44
-6.86221739483976697e-44
-6.86221739483976697e-44
-6.86221739483976697e-44
-6.86221739483976697e-44
-3.60823496540650934e+00
-7.36780674697763973e-44
-7.36780674697763973e-44
-7.36780674697763973e-44
-7.36780674697763973e-44
-3.07185786999219908e-44
-7.36780674697763973e-44
-7.36780674697763973e-44
-1.34973518864948261e+01
-7.36780674697763973e-44
-7.36780674697763973e-44
-7.36780674697763973e-44
-4.49809545387209727e-44
-7.36780674697763973e-44
-7.36780674697763973e-44
-7.36780674697763973e-44
-7.36780674697763973e-44
-7.36780674697763973e-44
-7.36780674697763973e-44
-7.36780674697763973e-44
-7.36780674697763973e-44
-5.24491814529804756e-01
-1.44921753829402122e-44
-1.44921753829402122e-44
-1.44921753829402122e-44
-1.44921753829402122e-44
-8.97388394520820398e+00
-1.44921753829402122e-44
-1.44921753829402122e-44
-2.38272640087595576e-44
-1.44921753829402122e-44
-1.44921753829402122e-44
-1.44921753829402122e-44
-8.84757030760355396e-45
-1.44921753829402122e-44
-1.44921753829402122e-44
-1.44921753829402122e-44
-1.44921753829402122e-44
-1.44921753829402122e-44
-1.44921753829402122e-44
-1.44921753829402122e-44
-1.44921753829402122e-44
6.38658995275876329e-01
-1.52658250695762280e-44
-1.52658250695762280e-44
-1.52658250695762280e-44
-1.52658250695762280e-44
-9.83534637017504920e+00
-1.52658250695762280e-44
-1.52658250695762280e-44
-2.08518622964252046e-44
-1.52658250695762280e-44
-1.52658250695762280e-44
-1.52658250695762280e-44
-9.31988863215441894e-45
-1.52658250695762280e-44
-1.52658250695762280e-44
-1.52658250695762280e-44
-1.52658250695762280e-44
-1.52658250695762280e-44
-1.52658250695762280e-44
-1.52658250695762280e-44
-1.52658250695762280e-44
-5.24491814529802092e-01
-1.28014645595679986e-43
-1.28014645595679986e-43
-1.28014645595679986e-43
-1.28014645595679986e-43
-1.44925089307235702e+01
-1.28014645595679986e-43
-1.28014645595679986e-43
-1.08400631578446898e-43
-1.28014645595679986e-43
-1.28014645595679986e-43
-1.28014645595679986e-43
-7.81538000598597203e-44
-1.28014645595679986e-43
-1.28014645595679986e-43
-1.28014645595679986e-43
-1.28014645595679986e-43
-1.28014645595679986e-43
-1.28014645595679986e-43
-1.28014645595679986e-43
-1.28014645595679986e-43
-1.95957633981912327e+00
-3.29642274664945489e+00
-3.29642274664945489e+00
-3.29642274664945489e+00
-3.29642274664936119e+00
-1.77705983807733923e-42
-3.29642274664945489e+00
-3.29642274664945489e+00
-1.66579577186029419e-42
-3.29642274664945489e+00
-3.29642274664945489e+00
-3.29642274664955970e+00
-1.28081793377970245e-42
-3.29642274664945489e+00
-3.29642274664955970e+00
-3.29642274664955970e+00
-3.29642274664945489e+00
-3.29642274664936119e+00
-3.29642274664945489e+00
-3.29642274664945489e+00
-3.29642274664955970e+00
-5.24491814529806977e-01
