-1.34319852237540588e-01
-1.28878675285672650e-01
-1.36305145313216330e-01
-1.34319852237540588e-01
-1.28878675285672650e-01
-1.36305145313216330e-01
-1.34319852237540588e-01
-1.28878675285672650e-01
-1.36305145313216330e-01
-1.34319852237540588e-01
-1.28878675285672650e-01
-1.36305145313216330e-01
-1.34319852237540588e-01
-1.28878675285672650e-01
-1.36305145313216330e-01
-1.34319852237540588e-01
-1.28878675285672650e-01
-1.36305145313216330e-01
-1.34319852237540588e-01
-1.28878675285672650e-01
-1.36305145313216330e-01
-1.34319852237540588e-01
-1.28878675285672650e-01
-1.36305145313216330e-01
-1.34319852237540588e-01
-1.28878675285672650e-01
-1.36305145313216330e-01
-1.34319852237540588e-01
-1.28878675285672650e-01
-1.36305145313216330e-01
-1.34319852237540588e-01
-1.28878675285672650e-01
-1.36305145313216330e-01
-1.34319852237540588e-01
-1.28878675285672650e-01
-1.36305145313216330e-01
-1.34319852237540588e-01
-1.28878675285672650e-01
-1.36305145313216330e-01
-1.34319852237540588e-01
-1.28878675285672650e-01
-1.36305145313216330e-01
-1.34319852237540588e-01
-1.28878675285672650e-01
-1.36305145313216330e-01
-1.34319852237540588e-01
-1.28878675285672650e-01
-1.36305145313216330e-01
