-1.34319852957851121e-01
-1.28878674750347644e-01
-1.36305146394739618e-01
-1.34319852957851121e-01
-1.28878674750347644e-01
-1.36305146394739618e-01
-1.34319852957851121e-01
-1.28878674750347644e-01
-1.36305146394739618e-01
-1.34319852957851121e-01
-1.28878674750347644e-01
-1.36305146394739618e-01
-1.34319852957851121e-01
-1.28878674750347644e-01
-1.36305146394739618e-01
-1.34319852957851121e-01
-1.28878674750347644e-01
-1.36305146394739618e-01
-1.34319852957851121e-01
-1.28878674750347644e-01
-1.36305146394739618e-01
-1.34319852957851121e-01
-1.28878674750347644e-01
-1.36305146394739618e-01
-1.34319852957851121e-01
-1.28878674750347644e-01
-1.36305146394739618e-01
-1.34319852957851121e-01
-1.28878674750347644e-01
-1.36305146394739618e-01
-1.34319852957851121e-01
-1.28878674750347644e-01
-1.36305146394739618e-01
-1.34319852957851121e-01
-1.28878674750347644e-01
-1.36305146394739618e-01
-1.34319852957851121e-01
-1.28878674750347644e-01
-1.36305146394739618e-01
-1.34319852957851121e-01
-1.28878674750347644e-01
-1.36305146394739618e-01
-1.34319852957851121e-01
-1.28878674750347644e-01
-1.36305146394739618e-01
-1.34319852957851121e-01
-1.28878674750347644e-01
-1.36305146394739618e-01
