-1.34319852393482098e-01
-1.28878676196786612e-01
-1.36305147358112028e-01
-1.34319852393482098e-01
-1.28878676196786612e-01
-1.36305147358112028e-01
-1.34319852393482098e-01
-1.28878676196786612e-01
-1.36305147358112028e-01
-1.34319852393482098e-01
-1.28878676196786612e-01
-1.36305147358112028e-01
-1.34319852393482098e-01
-1.28878676196786612e-01
-1.36305147358112028e-01
-1.34319852393482098e-01
-1.28878676196786612e-01
-1.36305147358112028e-01
-1.34319852393482098e-01
-1.28878676196786612e-01
-1.36305147358112028e-01
-1.34319852393482098e-01
-1.28878676196786612e-01
-1.36305147358112028e-01
-1.34319852393482098e-01
-1.28878676196786612e-01
-1.36305147358112028e-01
-1.34319852393482098e-01
-1.28878676196786612e-01
-1.36305147358112028e-01
-1.34319852393482098e-01
-1.28878676196786612e-01
-1.36305147358112028e-01
-1.34319852393482098e-01
-1.28878676196786612e-01
-1.36305147358112028e-01
-1.34319852393482098e-01
-1.28878676196786612e-01
-1.36305147358112028e-01
-1.34319852393482098e-01
-1.28878676196786612e-01
-1.36305147358112028e-01
-1.34319852393482098e-01
-1.28878676196786612e-01
-1.36305147358112028e-01
-1.34319852393482098e-01
-1.28878676196786612e-01
-1.36305147358112028e-01
