-1.34319852936507389e-01
-1.28878676047502055e-01
-1.36305145338694089e-01
-1.34319852936507389e-01
-1.28878676047502055e-01
-1.36305145338694089e-01
-1.34319852936507389e-01
-1.28878676047502055e-01
-1.36305145338694089e-01
-1.34319852936507389e-01
-1.28878676047502055e-01
-1.36305145338694089e-01
-1.34319852936507389e-01
-1.28878676047502055e-01
-1.36305145338694089e-01
-1.34319852936507389e-01
-1.28878676047502055e-01
-1.36305145338694089e-01
-1.34319852936507389e-01
-1.28878676047502055e-01
-1.36305145338694089e-01
-1.34319852936507389e-01
-1.28878676047502055e-01
-1.36305145338694089e-01
-1.34319852936507389e-01
-1.28878676047502055e-01
-1.36305145338694089e-01
-1.34319852936507389e-01
-1.28878676047502055e-01
-1.36305145338694089e-01
-1.34319852936507389e-01
-1.28878676047502055e-01
-1.36305145338694089e-01
-1.34319852936507389e-01
-1.28878676047502055e-01
-1.36305145338694089e-01
-1.34319852936507389e-01
-1.28878676047502055e-01
-1.36305145338694089e-01
-1.34319852936507389e-01
-1.28878676047502055e-01
-1.36305145338694089e-01
-1.34319852936507389e-01
-1.28878676047502055e-01
-1.36305145338694089e-01
-1.34319852936507389e-01
-1.28878676047502055e-01
-1.36305145338694089e-01
