-2.10074002476924537e+00
-2.31270920004722713e+00
-2.10283494063333976e+00
-2.10074002476924537e+00
-2.31270920004722713e+00
-2.10283494063333976e+00
-2.10074002476924537e+00
-2.31270920004722713e+00
-2.10283494063333976e+00
-2.10074002476924537e+00
-2.31270920004722713e+00
-2.10283494063333976e+00
-2.10074002476924537e+00
-2.31270920004722713e+00
-2.10283494063333976e+00
-1.27472755379732572e-01
-1.40405295576805561e-01
-1.27593668627147161e-01
-2.10074002476924537e+00
-2.31270920004722713e+00
-2.10283494063333976e+00
-2.10074002476924537e+00
-2.31270920004722713e+00
-2.10283494063333976e+00
-2.10074002476924537e+00
-2.31270920004722713e+00
-2.10283494063333976e+00
-2.10074002476924537e+00
-2.31270920004722713e+00
-2.10283494063333976e+00
-2.10074002476924537e+00
-2.31270920004722713e+00
-2.10283494063333976e+00
-4.92991003741710065e-01
-5.42744109830437416e-01
-4.93435230502760336e-01
-2.10074002476924537e+00
-2.31270920004722713e+00
-2.10283494063333976e+00
-2.10074002476924537e+00
-2.31270920004722713e+00
-2.10283494063333976e+00
-2.10074002476924537e+00
-2.31270920004722713e+00
-2.10283494063333976e+00
-2.10074002476924537e+00
-2.31270920004722713e+00
-2.10283494063333976e+00
