-4.00131024845041949e+00
-4.00234980120180239e+00
-4.00497176987295767e+00
-4.00131024845041949e+00
-4.00234980120180239e+00
-4.00497176987295767e+00
-4.00131024845041949e+00
-4.00234980120180239e+00
-4.00497176987295767e+00
-4.00131024845041949e+00
-4.00234980120180239e+00
-4.00497176987295767e+00
-1.55786140980627552e+00
-1.55642774124707417e+00
-1.55659177202418642e+00
-4.00131024845041949e+00
-4.00234980120180239e+00
-4.00497176987295767e+00
-4.00131024845041949e+00
-4.00234980120180239e+00
-4.00497176987295767e+00
-4.00131024845041949e+00
-4.00234980120180239e+00
-4.00497176987295767e+00
-4.00131024845041949e+00
-4.00234980120180239e+00
-4.00497176987295767e+00
-4.00131024845041949e+00
-4.00234980120180239e+00
-4.00497176987295767e+00
-1.96376107056806548e+00
-1.96275343868162633e+00
-1.96333353946658873e+00
-4.00131024845041949e+00
-4.00234980120180239e+00
-4.00497176987295767e+00
-4.00131024845041949e+00
-4.00234980120180239e+00
-4.00497176987295767e+00
-1.55786140980627552e+00
-1.55642774124707417e+00
-1.55659177202418642e+00
-1.96376107056806548e+00
-1.96275343868162633e+00
-1.96333353946658873e+00
-4.00131024845041949e+00
-4.00234980120180239e+00
-4.00497176987295767e+00
