-1.34319852974227522e-01
-1.28878677332378150e-01
-1.36305147084226363e-01
-1.34319852974227522e-01
-1.28878677332378150e-01
-1.36305147084226363e-01
-1.34319852974227522e-01
-1.28878677332378150e-01
-1.36305147084226363e-01
-1.34319852974227522e-01
-1.28878677332378150e-01
-1.36305147084226363e-01
-1.34319852974227522e-01
-1.28878677332378150e-01
-1.36305147084226363e-01
-1.34319852974227522e-01
-1.28878677332378150e-01
-1.36305147084226363e-01
-1.34319852974227522e-01
-1.28878677332378150e-01
-1.36305147084226363e-01
-1.34319852974227522e-01
-1.28878677332378150e-01
-1.36305147084226363e-01
-1.34319852974227522e-01
-1.28878677332378150e-01
-1.36305147084226363e-01
-1.34319852974227522e-01
-1.28878677332378150e-01
-1.36305147084226363e-01
-1.34319852974227522e-01
-1.28878677332378150e-01
-1.36305147084226363e-01
-1.34319852974227522e-01
-1.28878677332378150e-01
-1.36305147084226363e-01
-1.34319852974227522e-01
-1.28878677332378150e-01
-1.36305147084226363e-01
-1.34319852974227522e-01
-1.28878677332378150e-01
-1.36305147084226363e-01
-1.34319852974227522e-01
-1.28878677332378150e-01
-1.36305147084226363e-01
-1.34319852974227522e-01
-1.28878677332378150e-01
-1.36305147084226363e-01
