-1.34319858114874513e-01
-1.28878668676362468e-01
-1.36305152855886097e-01
-1.34319858114874513e-01
-1.28878668676362468e-01
-1.36305152855886097e-01
-1.34319858114874513e-01
-1.28878668676362468e-01
-1.36305152855886097e-01
-1.34319858114874513e-01
-1.28878668676362468e-01
-1.36305152855886097e-01
-1.34319858114874513e-01
-1.28878668676362468e-01
-1.36305152855886097e-01
-1.34319858114874513e-01
-1.28878668676362468e-01
-1.36305152855886097e-01
-1.34319858114874513e-01
-1.28878668676362468e-01
-1.36305152855886097e-01
-1.34319858114874513e-01
-1.28878668676362468e-01
-1.36305152855886097e-01
-1.34319858114874513e-01
-1.28878668676362468e-01
-1.36305152855886097e-01
-1.34319858114874513e-01
-1.28878668676362468e-01
-1.36305152855886097e-01
-1.34319858114874513e-01
-1.28878668676362468e-01
-1.36305152855886097e-01
-1.34319858114874513e-01
-1.28878668676362468e-01
-1.36305152855886097e-01
-1.34319858114874513e-01
-1.28878668676362468e-01
-1.36305152855886097e-01
-1.34319858114874513e-01
-1.28878668676362468e-01
-1.36305152855886097e-01
-1.34319858114874513e-01
-1.28878668676362468e-01
-1.36305152855886097e-01
-1.34319858114874513e-01
-1.28878668676362468e-01
-1.36305152855886097e-01
