-2.85452458569397516e+00
-2.85380942591822340e+00
-2.85468430471056056e+00
-2.85452458569397516e+00
-2.85380942591822340e+00
-2.85468430471056056e+00
-2.85452458569397516e+00
-2.85380942591822340e+00
-2.85468430471056056e+00
-2.85452458569397516e+00
-2.85380942591822340e+00
-2.85468430471056056e+00
-2.85452458569397516e+00
-2.85380942591822340e+00
-2.85468430471056056e+00
-2.85452458569397516e+00
-2.85380942591822340e+00
-2.85468430471056056e+00
-2.85452458569397516e+00
-2.85380942591822340e+00
-2.85468430471056056e+00
-2.85452458569397516e+00
-2.85380942591822340e+00
-2.85468430471056056e+00
-2.85452458569397516e+00
-2.85380942591822340e+00
-2.85468430471056056e+00
-2.85452458569397516e+00
-2.85380942591822340e+00
-2.85468430471056056e+00
-2.85452458569397516e+00
-2.85380942591822340e+00
-2.85468430471056056e+00
-2.85452458569397516e+00
-2.85380942591822340e+00
-2.85468430471056056e+00
-2.85452458569397516e+00
-2.85380942591822340e+00
-2.85468430471056056e+00
-2.85452458569397516e+00
-2.85380942591822340e+00
-2.85468430471056056e+00
-2.85452458569397516e+00
-2.85380942591822340e+00
-2.85468430471056056e+00
-2.85452458569397516e+00
-2.85380942591822340e+00
-2.85468430471056056e+00
