-3.34714655113207904e+00
-3.34727952502263726e+00
-3.34815452541538328e+00
-3.34714655113207904e+00
-3.34727952502263726e+00
-3.34815452541538328e+00
-3.34714655113207904e+00
-3.34727952502263726e+00
-3.34815452541538328e+00
-3.34714655113207904e+00
-3.34727952502263726e+00
-3.34815452541538328e+00
-3.34714655113207904e+00
-3.34727952502263726e+00
-3.34815452541538328e+00
-1.37389906985355514e+00
-1.37206096542014988e+00
-1.37293574093761150e+00
-3.34714655113207904e+00
-3.34727952502263726e+00
-3.34815452541538328e+00
-3.34714655113207904e+00
-3.34727952502263726e+00
-3.34815452541538328e+00
-3.34714655113207904e+00
-3.34727952502263726e+00
-3.34815452541538328e+00
-3.34714655113207904e+00
-3.34727952502263726e+00
-3.34815452541538328e+00
-3.34714655113207904e+00
-3.34727952502263726e+00
-3.34815452541538328e+00
-1.73938475854379404e+00
-1.73791144908179351e+00
-1.73878613626474010e+00
-3.34714655113207904e+00
-3.34727952502263726e+00
-3.34815452541538328e+00
-3.34714655113207904e+00
-3.34727952502263726e+00
-3.34815452541538328e+00
-3.34714655113207904e+00
-3.34727952502263726e+00
-3.34815452541538328e+00
-3.34714655113207904e+00
-3.34727952502263726e+00
-3.34815452541538328e+00
