-1.34319854046780346e-01
-1.28878673365321023e-01
-1.36305149009348814e-01
-1.34319854046780346e-01
-1.28878673365321023e-01
-1.36305149009348814e-01
-1.34319854046780346e-01
-1.28878673365321023e-01
-1.36305149009348814e-01
-1.34319854046780346e-01
-1.28878673365321023e-01
-1.36305149009348814e-01
-1.34319854046780346e-01
-1.28878673365321023e-01
-1.36305149009348814e-01
-1.34319854046780346e-01
-1.28878673365321023e-01
-1.36305149009348814e-01
-1.34319854046780346e-01
-1.28878673365321023e-01
-1.36305149009348814e-01
-1.34319854046780346e-01
-1.28878673365321023e-01
-1.36305149009348814e-01
-1.34319854046780346e-01
-1.28878673365321023e-01
-1.36305149009348814e-01
-1.34319854046780346e-01
-1.28878673365321023e-01
-1.36305149009348814e-01
-1.34319854046780346e-01
-1.28878673365321023e-01
-1.36305149009348814e-01
-1.34319854046780346e-01
-1.28878673365321023e-01
-1.36305149009348814e-01
-1.34319854046780346e-01
-1.28878673365321023e-01
-1.36305149009348814e-01
-1.34319854046780346e-01
-1.28878673365321023e-01
-1.36305149009348814e-01
-1.34319854046780346e-01
-1.28878673365321023e-01
-1.36305149009348814e-01
-1.34319854046780346e-01
-1.28878673365321023e-01
-1.36305149009348814e-01
