-1.34319850605845281e-01
-1.28878672752220702e-01
-1.36305141351101639e-01
-1.34319850605845281e-01
-1.28878672752220702e-01
-1.36305141351101639e-01
-1.34319850605845281e-01
-1.28878672752220702e-01
-1.36305141351101639e-01
-1.34319850605845281e-01
-1.28878672752220702e-01
-1.36305141351101639e-01
-1.34319850605845281e-01
-1.28878672752220702e-01
-1.36305141351101639e-01
-1.34319850605845281e-01
-1.28878672752220702e-01
-1.36305141351101639e-01
-1.34319850605845281e-01
-1.28878672752220702e-01
-1.36305141351101639e-01
-1.34319850605845281e-01
-1.28878672752220702e-01
-1.36305141351101639e-01
-1.34319850605845281e-01
-1.28878672752220702e-01
-1.36305141351101639e-01
-1.34319850605845281e-01
-1.28878672752220702e-01
-1.36305141351101639e-01
-1.34319850605845281e-01
-1.28878672752220702e-01
-1.36305141351101639e-01
-1.34319850605845281e-01
-1.28878672752220702e-01
-1.36305141351101639e-01
-1.34319850605845281e-01
-1.28878672752220702e-01
-1.36305141351101639e-01
-1.34319850605845281e-01
-1.28878672752220702e-01
-1.36305141351101639e-01
-1.34319850605845281e-01
-1.28878672752220702e-01
-1.36305141351101639e-01
-1.34319850605845281e-01
-1.28878672752220702e-01
-1.36305141351101639e-01
