-1.34319852071361462e-01
-1.28878676774592332e-01
-1.36305145219003859e-01
-1.34319852071361462e-01
-1.28878676774592332e-01
-1.36305145219003859e-01
-1.34319852071361462e-01
-1.28878676774592332e-01
-1.36305145219003859e-01
-1.34319852071361462e-01
-1.28878676774592332e-01
-1.36305145219003859e-01
-1.34319852071361462e-01
-1.28878676774592332e-01
-1.36305145219003859e-01
-1.34319852071361462e-01
-1.28878676774592332e-01
-1.36305145219003859e-01
-1.34319852071361462e-01
-1.28878676774592332e-01
-1.36305145219003859e-01
-1.34319852071361462e-01
-1.28878676774592332e-01
-1.36305145219003859e-01
-1.34319852071361462e-01
-1.28878676774592332e-01
-1.36305145219003859e-01
-1.34319852071361462e-01
-1.28878676774592332e-01
-1.36305145219003859e-01
-1.34319852071361462e-01
-1.28878676774592332e-01
-1.36305145219003859e-01
-1.34319852071361462e-01
-1.28878676774592332e-01
-1.36305145219003859e-01
-1.34319852071361462e-01
-1.28878676774592332e-01
-1.36305145219003859e-01
-1.34319852071361462e-01
-1.28878676774592332e-01
-1.36305145219003859e-01
-1.34319852071361462e-01
-1.28878676774592332e-01
-1.36305145219003859e-01
-1.34319852071361462e-01
-1.28878676774592332e-01
-1.36305145219003859e-01
