-1.34319853783574056e-01
-1.28878675670623111e-01
-1.36305148600808668e-01
-1.34319853783574056e-01
-1.28878675670623111e-01
-1.36305148600808668e-01
-1.34319853783574056e-01
-1.28878675670623111e-01
-1.36305148600808668e-01
-1.34319853783574056e-01
-1.28878675670623111e-01
-1.36305148600808668e-01
-1.34319853783574056e-01
-1.28878675670623111e-01
-1.36305148600808668e-01
-1.34319853783574056e-01
-1.28878675670623111e-01
-1.36305148600808668e-01
-1.34319853783574056e-01
-1.28878675670623111e-01
-1.36305148600808668e-01
-1.34319853783574056e-01
-1.28878675670623111e-01
-1.36305148600808668e-01
-1.34319853783574056e-01
-1.28878675670623111e-01
-1.36305148600808668e-01
-1.34319853783574056e-01
-1.28878675670623111e-01
-1.36305148600808668e-01
-1.34319853783574056e-01
-1.28878675670623111e-01
-1.36305148600808668e-01
-1.34319853783574056e-01
-1.28878675670623111e-01
-1.36305148600808668e-01
-1.34319853783574056e-01
-1.28878675670623111e-01
-1.36305148600808668e-01
-1.34319853783574056e-01
-1.28878675670623111e-01
-1.36305148600808668e-01
-1.34319853783574056e-01
-1.28878675670623111e-01
-1.36305148600808668e-01
-1.34319853783574056e-01
-1.28878675670623111e-01
-1.36305148600808668e-01
