-1.34319853644694454e-01
-1.28878677804144748e-01
-1.36305148972577117e-01
-1.34319853644694454e-01
-1.28878677804144748e-01
-1.36305148972577117e-01
-1.34319853644694454e-01
-1.28878677804144748e-01
-1.36305148972577117e-01
-1.34319853644694454e-01
-1.28878677804144748e-01
-1.36305148972577117e-01
-1.34319853644694454e-01
-1.28878677804144748e-01
-1.36305148972577117e-01
-1.34319853644694454e-01
-1.28878677804144748e-01
-1.36305148972577117e-01
-1.34319853644694454e-01
-1.28878677804144748e-01
-1.36305148972577117e-01
-1.34319853644694454e-01
-1.28878677804144748e-01
-1.36305148972577117e-01
-1.34319853644694454e-01
-1.28878677804144748e-01
-1.36305148972577117e-01
-1.34319853644694454e-01
-1.28878677804144748e-01
-1.36305148972577117e-01
-1.34319853644694454e-01
-1.28878677804144748e-01
-1.36305148972577117e-01
-1.34319853644694454e-01
-1.28878677804144748e-01
-1.36305148972577117e-01
-1.34319853644694454e-01
-1.28878677804144748e-01
-1.36305148972577117e-01
-1.34319853644694454e-01
-1.28878677804144748e-01
-1.36305148972577117e-01
-1.34319853644694454e-01
-1.28878677804144748e-01
-1.36305148972577117e-01
-1.34319853644694454e-01
-1.28878677804144748e-01
-1.36305148972577117e-01
