-2.85452458569397560e+00
-2.85380942591822295e+00
-2.85468430471056056e+00
-2.85452458569397560e+00
-2.85380942591822295e+00
-2.85468430471056056e+00
-2.85452458569397560e+00
-2.85380942591822295e+00
-2.85468430471056056e+00
-2.85452458569397560e+00
-2.85380942591822295e+00
-2.85468430471056056e+00
-2.85452458569397560e+00
-2.85380942591822295e+00
-2.85468430471056056e+00
-2.85452458569397560e+00
-2.85380942591822295e+00
-2.85468430471056056e+00
-2.85452458569397560e+00
-2.85380942591822295e+00
-2.85468430471056056e+00
-2.85452458569397560e+00
-2.85380942591822295e+00
-2.85468430471056056e+00
-2.85452458569397560e+00
-2.85380942591822295e+00
-2.85468430471056056e+00
-2.85452458569397560e+00
-2.85380942591822295e+00
-2.85468430471056056e+00
-2.85452458569397560e+00
-2.85380942591822295e+00
-2.85468430471056056e+00
-2.85452458569397560e+00
-2.85380942591822295e+00
-2.85468430471056056e+00
-2.85452458569397560e+00
-2.85380942591822295e+00
-2.85468430471056056e+00
-2.85452458569397560e+00
-2.85380942591822295e+00
-2.85468430471056056e+00
-2.85452458569397560e+00
-2.85380942591822295e+00
-2.85468430471056056e+00
-2.85452458569397560e+00
-2.85380942591822295e+00
-2.85468430471056056e+00
