-1.34319850010481717e-01
-1.28878671817741985e-01
-1.36305140106269040e-01
-1.34319850010481717e-01
-1.28878671817741985e-01
-1.36305140106269040e-01
-1.34319850010481717e-01
-1.28878671817741985e-01
-1.36305140106269040e-01
-1.34319850010481717e-01
-1.28878671817741985e-01
-1.36305140106269040e-01
-1.34319850010481717e-01
-1.28878671817741985e-01
-1.36305140106269040e-01
-1.34319850010481717e-01
-1.28878671817741985e-01
-1.36305140106269040e-01
-1.34319850010481717e-01
-1.28878671817741985e-01
-1.36305140106269040e-01
-1.34319850010481717e-01
-1.28878671817741985e-01
-1.36305140106269040e-01
-1.34319850010481717e-01
-1.28878671817741985e-01
-1.36305140106269040e-01
-1.34319850010481717e-01
-1.28878671817741985e-01
-1.36305140106269040e-01
-1.34319850010481717e-01
-1.28878671817741985e-01
-1.36305140106269040e-01
-1.34319850010481717e-01
-1.28878671817741985e-01
-1.36305140106269040e-01
-1.34319850010481717e-01
-1.28878671817741985e-01
-1.36305140106269040e-01
-1.34319850010481717e-01
-1.28878671817741985e-01
-1.36305140106269040e-01
-1.34319850010481717e-01
-1.28878671817741985e-01
-1.36305140106269040e-01
-1.34319850010481717e-01
-1.28878671817741985e-01
-1.36305140106269040e-01
