-1.34319849046556722e-01
-1.28878682806552652e-01
-1.36305142399090806e-01
-1.34319849046556722e-01
-1.28878682806552652e-01
-1.36305142399090806e-01
-1.34319849046556722e-01
-1.28878682806552652e-01
-1.36305142399090806e-01
-1.34319849046556722e-01
-1.28878682806552652e-01
-1.36305142399090806e-01
-1.34319849046556722e-01
-1.28878682806552652e-01
-1.36305142399090806e-01
-1.34319849046556722e-01
-1.28878682806552652e-01
-1.36305142399090806e-01
-1.34319849046556722e-01
-1.28878682806552652e-01
-1.36305142399090806e-01
-1.34319849046556722e-01
-1.28878682806552652e-01
-1.36305142399090806e-01
-1.34319849046556722e-01
-1.28878682806552652e-01
-1.36305142399090806e-01
-1.34319849046556722e-01
-1.28878682806552652e-01
-1.36305142399090806e-01
-1.34319849046556722e-01
-1.28878682806552652e-01
-1.36305142399090806e-01
-1.34319849046556722e-01
-1.28878682806552652e-01
-1.36305142399090806e-01
-1.34319849046556722e-01
-1.28878682806552652e-01
-1.36305142399090806e-01
-1.34319849046556722e-01
-1.28878682806552652e-01
-1.36305142399090806e-01
-1.34319849046556722e-01
-1.28878682806552652e-01
-1.36305142399090806e-01
-1.34319849046556722e-01
-1.28878682806552652e-01
-1.36305142399090806e-01
