-1.34319854403095768e-01
-1.28878669007930491e-01
-1.36305156443743164e-01
-1.34319854403095768e-01
-1.28878669007930491e-01
-1.36305156443743164e-01
-1.34319854403095768e-01
-1.28878669007930491e-01
-1.36305156443743164e-01
-1.34319854403095768e-01
-1.28878669007930491e-01
-1.36305156443743164e-01
-1.34319854403095768e-01
-1.28878669007930491e-01
-1.36305156443743164e-01
-1.34319854403095768e-01
-1.28878669007930491e-01
-1.36305156443743164e-01
-1.34319854403095768e-01
-1.28878669007930491e-01
-1.36305156443743164e-01
-1.34319854403095768e-01
-1.28878669007930491e-01
-1.36305156443743164e-01
-1.34319854403095768e-01
-1.28878669007930491e-01
-1.36305156443743164e-01
-1.34319854403095768e-01
-1.28878669007930491e-01
-1.36305156443743164e-01
-1.34319854403095768e-01
-1.28878669007930491e-01
-1.36305156443743164e-01
-1.34319854403095768e-01
-1.28878669007930491e-01
-1.36305156443743164e-01
-1.34319854403095768e-01
-1.28878669007930491e-01
-1.36305156443743164e-01
-1.34319854403095768e-01
-1.28878669007930491e-01
-1.36305156443743164e-01
-1.34319854403095768e-01
-1.28878669007930491e-01
-1.36305156443743164e-01
-1.34319854403095768e-01
-1.28878669007930491e-01
-1.36305156443743164e-01
