-1.34319854445807713e-01
-1.28878673552358464e-01
-1.36305148194651865e-01
-1.34319854445807713e-01
-1.28878673552358464e-01
-1.36305148194651865e-01
-1.34319854445807713e-01
-1.28878673552358464e-01
-1.36305148194651865e-01
-1.34319854445807713e-01
-1.28878673552358464e-01
-1.36305148194651865e-01
-1.34319854445807713e-01
-1.28878673552358464e-01
-1.36305148194651865e-01
-1.34319854445807713e-01
-1.28878673552358464e-01
-1.36305148194651865e-01
-1.34319854445807713e-01
-1.28878673552358464e-01
-1.36305148194651865e-01
-1.34319854445807713e-01
-1.28878673552358464e-01
-1.36305148194651865e-01
-1.34319854445807713e-01
-1.28878673552358464e-01
-1.36305148194651865e-01
-1.34319854445807713e-01
-1.28878673552358464e-01
-1.36305148194651865e-01
-1.34319854445807713e-01
-1.28878673552358464e-01
-1.36305148194651865e-01
-1.34319854445807713e-01
-1.28878673552358464e-01
-1.36305148194651865e-01
-1.34319854445807713e-01
-1.28878673552358464e-01
-1.36305148194651865e-01
-1.34319854445807713e-01
-1.28878673552358464e-01
-1.36305148194651865e-01
-1.34319854445807713e-01
-1.28878673552358464e-01
-1.36305148194651865e-01
-1.34319854445807713e-01
-1.28878673552358464e-01
-1.36305148194651865e-01
