-3.22622190463724534e+00
-3.45248860204777097e+00
-3.33037138398520316e+00
-3.22622190463724534e+00
-3.45248860204777097e+00
-3.33037138398520316e+00
-3.22622190463724534e+00
-3.45248860204777097e+00
-3.33037138398520316e+00
-3.22622190463724534e+00
-3.45248860204777097e+00
-3.33037138398520316e+00
-1.58878145173333474e+00
-1.73622247414305408e+00
-1.60646115761126862e+00
-3.22622190463724534e+00
-3.45248860204777097e+00
-3.33037138398520316e+00
-3.22622190463724534e+00
-3.45248860204777097e+00
-3.33037138398520316e+00
-3.22622190463724534e+00
-3.45248860204777097e+00
-3.33037138398520316e+00
-3.22622190463724534e+00
-3.45248860204777097e+00
-3.33037138398520316e+00
-3.22622190463724534e+00
-3.45248860204777097e+00
-3.33037138398520316e+00
-3.22622190463724534e+00
-3.45248860204777097e+00
-3.33037138398520316e+00
-3.22622190463724534e+00
-3.45248860204777097e+00
-3.33037138398520316e+00
-3.22622190463724534e+00
-3.45248860204777097e+00
-3.33037138398520316e+00
-3.22622190463724534e+00
-3.45248860204777097e+00
-3.33037138398520316e+00
-3.22622190463724534e+00
-3.45248860204777097e+00
-3.33037138398520316e+00
-3.22622190463724534e+00
-3.45248860204777097e+00
-3.33037138398520316e+00
