-3.08454607941073000e+00
-3.08424637056027962e+00
-3.08533784980920656e+00
-3.08454607941073000e+00
-3.08424637056027962e+00
-3.08533784980920656e+00
-3.08454607941073000e+00
-3.08424637056027962e+00
-3.08533784980920656e+00
-3.08454607941073000e+00
-3.08424637056027962e+00
-3.08533784980920656e+00
-1.44787575890691489e+00
-1.44594871609524689e+00
-1.44619254611735304e+00
-3.08454607941073000e+00
-3.08424637056027962e+00
-3.08533784980920656e+00
-3.08454607941073000e+00
-3.08424637056027962e+00
-3.08533784980920656e+00
-3.08454607941073000e+00
-3.08424637056027962e+00
-3.08533784980920656e+00
-3.08454607941073000e+00
-3.08424637056027962e+00
-3.08533784980920656e+00
-3.08454607941073000e+00
-3.08424637056027962e+00
-3.08533784980920656e+00
-3.08454607941073000e+00
-3.08424637056027962e+00
-3.08533784980920656e+00
-3.08454607941073000e+00
-3.08424637056027962e+00
-3.08533784980920656e+00
-3.08454607941073000e+00
-3.08424637056027962e+00
-3.08533784980920656e+00
-3.08454607941073000e+00
-3.08424637056027962e+00
-3.08533784980920656e+00
-3.08454607941073000e+00
-3.08424637056027962e+00
-3.08533784980920656e+00
-3.08454607941073000e+00
-3.08424637056027962e+00
-3.08533784980920656e+00
