-1.18964470441686343e+00
-1.19041150976756938e+00
-1.31047738689516602e+00
-1.18964470441686343e+00
-1.19041150976756938e+00
-1.31047738689516602e+00
-1.18964470441686343e+00
-1.19041150976756938e+00
-1.31047738689516602e+00
-1.18964470441686343e+00
-1.19041150976756938e+00
-1.31047738689516602e+00
1.25058278625019570e+00
1.25703889184121831e+00
1.38369640035796415e+00
-1.18964470441686343e+00
-1.19041150976756938e+00
-1.31047738689516602e+00
-1.18964470441686343e+00
-1.19041150976756938e+00
-1.31047738689516602e+00
-1.18964470441686343e+00
-1.19041150976756938e+00
-1.31047738689516602e+00
-1.18964470441686343e+00
-1.19041150976756938e+00
-1.31047738689516602e+00
-1.18964470441686343e+00
-1.19041150976756938e+00
-1.31047738689516602e+00
8.46737376105132888e-01
8.49716527915417630e-01
9.35347632130563711e-01
-1.18964470441686343e+00
-1.19041150976756938e+00
-1.31047738689516602e+00
-1.18964470441686343e+00
-1.19041150976756938e+00
-1.31047738689516602e+00
1.25058278625019570e+00
1.25703889184121831e+00
1.38369640035796415e+00
8.46737376105132888e-01
8.49716527915417630e-01
9.35347632130563711e-01
-1.18964470441686343e+00
-1.19041150976756938e+00
-1.31047738689516602e+00
