-1.34319850806532692e-01
-1.28878675266271558e-01
-1.36305146547039902e-01
-1.34319850806532692e-01
-1.28878675266271558e-01
-1.36305146547039902e-01
-1.34319850806532692e-01
-1.28878675266271558e-01
-1.36305146547039902e-01
-1.34319850806532692e-01
-1.28878675266271558e-01
-1.36305146547039902e-01
-1.34319850806532692e-01
-1.28878675266271558e-01
-1.36305146547039902e-01
-1.34319850806532692e-01
-1.28878675266271558e-01
-1.36305146547039902e-01
-1.34319850806532692e-01
-1.28878675266271558e-01
-1.36305146547039902e-01
-1.34319850806532692e-01
-1.28878675266271558e-01
-1.36305146547039902e-01
-1.34319850806532692e-01
-1.28878675266271558e-01
-1.36305146547039902e-01
-1.34319850806532692e-01
-1.28878675266271558e-01
-1.36305146547039902e-01
-1.34319850806532692e-01
-1.28878675266271558e-01
-1.36305146547039902e-01
-1.34319850806532692e-01
-1.28878675266271558e-01
-1.36305146547039902e-01
-1.34319850806532692e-01
-1.28878675266271558e-01
-1.36305146547039902e-01
-1.34319850806532692e-01
-1.28878675266271558e-01
-1.36305146547039902e-01
-1.34319850806532692e-01
-1.28878675266271558e-01
-1.36305146547039902e-01
-1.34319850806532692e-01
-1.28878675266271558e-01
-1.36305146547039902e-01
