-1.34319852578858895e-01
-1.28878676697625288e-01
-1.36305147349334410e-01
-1.34319852578858895e-01
-1.28878676697625288e-01
-1.36305147349334410e-01
-1.34319852578858895e-01
-1.28878676697625288e-01
-1.36305147349334410e-01
-1.34319852578858895e-01
-1.28878676697625288e-01
-1.36305147349334410e-01
-1.34319852578858895e-01
-1.28878676697625288e-01
-1.36305147349334410e-01
-1.34319852578858895e-01
-1.28878676697625288e-01
-1.36305147349334410e-01
-1.34319852578858895e-01
-1.28878676697625288e-01
-1.36305147349334410e-01
-1.34319852578858895e-01
-1.28878676697625288e-01
-1.36305147349334410e-01
-1.34319852578858895e-01
-1.28878676697625288e-01
-1.36305147349334410e-01
-1.34319852578858895e-01
-1.28878676697625288e-01
-1.36305147349334410e-01
-1.34319852578858895e-01
-1.28878676697625288e-01
-1.36305147349334410e-01
-1.34319852578858895e-01
-1.28878676697625288e-01
-1.36305147349334410e-01
-1.34319852578858895e-01
-1.28878676697625288e-01
-1.36305147349334410e-01
-1.34319852578858895e-01
-1.28878676697625288e-01
-1.36305147349334410e-01
-1.34319852578858895e-01
-1.28878676697625288e-01
-1.36305147349334410e-01
-1.34319852578858895e-01
-1.28878676697625288e-01
-1.36305147349334410e-01
