1.60076823117632427e-05
1.17157138338194514e-06
3.22143889487637417e-50
4.00518055855533333e-50
4.90534700520898718e-06
3.62670198708327903e-50
3.29780825362045672e-50
3.44036514745243559e-50
3.47651755756430939e-50
3.69286636999700830e-06
9.67842609885800391e-50
1.18426308699140694e-49
1.16522607906607910e-49
8.59079837522951937e-06
1.08629761468690585e-04
1.21321275542921076e-49
5.62959606764083464e-05
2.17718886776001586e-05
1.19565298577033941e-49
1.07705286613856103e-49
1.29469623319247635e-48
1.53724341493363098e-48
1.66332269813543622e-48
1.60569905893896881e-48
1.78926969239478737e-05
9.41016577905543519e-05
9.29095481985738472e-06
1.10647725332837371e-04
1.65340888834413910e-48
1.51817650777968951e-48
2.94376044706799321e-50
3.30674961380604502e-50
3.26493072797449823e-50
2.40405751363078959e-05
9.28508479750240681e-05
3.39705277688164055e-50
3.25367973917889154e-50
6.82145812768596751e-05
3.36159936648388064e-50
3.03291387919619353e-50
3.13557808072301257e-50
3.62983665534249670e-50
1.90223833786622635e-05
3.70071746998205831e-50
3.30191744315171496e-50
1.79986281932342605e-04
3.51113254053167599e-50
5.17481563552281488e-05
3.61937453988261152e-50
3.26459848070379101e-50
3.86999401258520233e-50
4.39608152472005004e-50
4.39322042288609801e-50
4.47613686530319742e-50
4.00615996360227948e-50
1.65263317212475952e-04
1.64370148494563495e-05
5.12116527133067855e-05
4.41584478559380247e-50
3.14307179346507302e-05
1.55895814180438432e-05
4.70724103916368987e-05
1.14854283216210248e-49
1.18594716203286815e-49
1.27478705091506762e-04
1.23325018782583359e-49
1.13827288844844255e-49
7.24761210604105588e-05
1.16965692123720677e-49
1.07253369481242365e-49
1.63859537407887581e-49
2.20320527304761911e-49
2.05945684006537403e-49
1.98707941354369071e-49
1.75036670627564108e-49
9.22033180907657886e-05
8.45402508214515435e-06
2.12386173367843241e-49
2.00981998157543422e-49
1.87648012945073623e-49
2.79069876987269189e-49
3.35040714734186519e-49
3.24572083206384193e-49
3.32339078125672766e-49
3.20381452778116709e-49
3.40298910612317509e-49
3.23488658503211221e-49
3.85898569927835812e-05
1.11114892815866492e-04
3.04215001403365715e-49
8.24392494407724861e-50
9.33456799148659376e-50
9.14596392247536321e-50
9.49918914004966650e-50
6.61795738300206008e-05
8.36961700323476644e-05
2.95564320871983062e-05
1.06652759306229933e-04
2.26319784795396183e-05
3.33426540754735859e-05
6.85811531188019660e-50
8.27861729289900467e-50
8.06601907606842661e-50
8.38121225076155656e-50
7.75828502085874851e-50
4.01623885003355322e-05
7.21886219315506633e-06
1.57106802021709418e-04
8.52648147588620337e-50
7.45945614051606463e-50
1.94824588764007386e-05
2.64426095863510305e-05
2.70699145589336821e-50
1.28733012325969823e-05
2.52499822411241097e-50
1.46561706449845096e-04
2.67243448572885202e-06
4.23603149894371563e-05
2.79123692133981822e-50
2.48856198051170498e-50
6.50486907208718066e-05
1.09866384012342454e-04
8.89043354457039930e-50
9.49667789523034062e-50
5.00753326989524983e-05
9.49940284290717079e-07
9.09411259439468911e-50
7.70006660977201954e-05
9.25375727839884015e-50
8.47959863663134905e-50
7.98040992201037478e-50
2.37118335885871514e-05
8.97183265737501427e-50
9.41877935807246060e-50
6.49629273427290477e-05
9.09169014383704089e-05
9.01453252408576219e-50
5.92348043001173817e-05
9.22661777032756775e-50
8.28062862399887325e-50
7.63895172182787693e-51
8.69477611657127292e-51
8.43146424339221346e-51
8.83974038225900113e-51
8.12247017725031439e-51
1.11167789458447916e-04
8.44763250304107385e-51
4.13058015844235851e-05
4.29855204524173158e-06
7.82837215973446687e-51
3.61921587060920951e-50
4.05081057341401232e-50
3.98910895445958668e-50
4.08669346028631565e-50
1.45743640949883517e-04
4.07278479273754007e-50
1.07541965217161849e-05
3.94372697115244973e-50
4.06848917970687885e-50
3.66644383416877642e-50
4.22006444166276460e-50
5.96519997514441963e-05
4.72080588347867012e-50
4.91227885098519859e-50
6.57203046016010097e-05
4.01721944958373579e-05
4.70370925633194679e-50
5.33835901944241282e-07
4.86093098122042999e-50
4.34857097259711048e-50
1.56736709112844167e-50
1.75794069190289447e-50
3.87255264211931554e-05
1.81003340706125705e-50
4.66508745735243346e-05
7.03926304430522548e-05
1.72004376724350582e-50
3.48743606814983317e-05
1.76783776836380385e-50
1.60898906989774531e-50
8.32388573700681689e-50
9.68552337087640552e-50
4.80336936672426840e-05
9.67682808126453010e-50
1.70400905547427437e-05
3.98067348992256259e-05
4.69601160179430733e-05
9.23663002147502819e-50
1.18777632906254916e-04
8.72388904821020636e-50
3.28334405346755203e-05
1.85981593138881931e-49
1.76484549058581570e-49
6.23012955699169153e-05
1.66397536854485512e-49
1.78313162711676661e-49
1.80820888075014680e-49
1.77688766642670817e-49
1.85415734685029253e-49
1.65298832428782160e-49
1.16362080223676720e-48
1.02981776253789487e-04
1.39526385034148880e-48
1.40200100735481239e-48
1.25369080294481566e-48
1.43102175151555576e-48
1.41710248932911410e-48
8.58988182321458655e-49
1.39416779599355122e-48
1.28952060041501905e-48
1.87426728006855705e-49
2.16716816625092343e-49
2.15956473603985118e-49
2.20515423920311073e-49
2.24281565102735632e-49
8.13081535192992710e-05
2.23652597468042212e-49
2.16625744594941360e-49
3.32547817867053704e-05
2.01650433862494220e-49
5.34270118735265027e-50
5.08736688093233585e-05
3.35285314145744085e-05
6.16400276901115607e-50
5.63140317550486710e-50
6.10999520986206056e-50
1.16619154211365983e-04
5.86866895017006512e-50
6.50298804269506544e-05
5.37219878510836303e-50
4.74762541879962443e-05
1.77984493879726676e-48
9.10838343989213846e-05
1.85887206768246681e-48
1.65447844171398368e-48
2.50828720015974534e-05
2.04301802133757766e-48
6.03484077188061645e-05
1.93666204133633581e-48
1.80610828854610526e-48
3.35174688346091182e-50
4.16159803384428344e-50
1.08438911642105641e-05
3.88501515586667607e-50
4.23165710708871180e-50
4.25581596754371719e-50
4.14998860717081867e-50
1.79738702188841679e-05
5.01735215984755621e-50
4.17586408360847269e-50
3.71817237604986448e-05
9.93804890883737379e-50
6.36018247185653097e-50
6.42505474342077865e-50
8.69045163690668834e-50
8.09012119461607795e-50
6.40564592476252066e-50
7.68088139687499479e-50
5.26717532702224321e-06
5.90683422169128132e-50
3.16030684025579683e-49
3.62374898499509970e-49
3.72645340536255084e-49
3.62408243686228611e-49
3.27991125712858452e-49
3.81975536577067665e-49
3.76781090738299616e-49
5.19869800950860763e-05
6.61586343310425530e-05
3.40271761441029295e-49
2.78856474643105664e-50
3.06133598326962593e-50
3.13835644931920996e-50
7.86466205541790797e-05
3.04233772341973788e-50
3.28398602079397831e-50
2.30720848486606686e-05
5.33032082854210568e-05
3.16938095313381024e-50
2.94714489160768426e-50
1.39583527695155620e-05
3.66716111703289878e-05
6.64679847092102148e-07
4.60920353777231629e-05
5.74193478589777139e-05
3.82439734381803090e-50
3.63277869015370342e-50
3.58591331692804291e-50
2.13706133470367378e-05
3.28622274010635402e-05
1.23011294995718844e-04
1.24355093237109928e-49
1.21900646011691884e-49
1.28277428065910688e-49
9.81559679206065532e-50
1.25479242340844344e-49
1.22860445600099519e-49
1.14018408276600912e-49
2.34431150074676528e-05
1.23859505839518317e-05
4.15263311037063889e-50
4.80998842752581243e-50
7.24724586991309399e-06
4.94812488749969029e-50
7.17188513613843654e-05
5.66728395406783889e-50
5.23120041643973415e-50
4.92187258135895186e-50
5.18722411581207590e-50
4.74004296030759234e-50
8.68298011965340557e-06
3.78505485896830172e-05
2.72809397254604174e-05
5.42970716393544425e-06
6.67339431530210818e-05
3.21684876035282068e-05
4.84711968095704351e-05
5.38335654793742538e-50
5.48683542760294563e-50
9.33585603575530153e-06
6.11064237054823057e-49
7.13841792500905516e-49
7.20001793274565859e-49
7.52487145916907863e-49
1.23165871770040600e-04
7.74952420944472717e-49
7.39567801953337953e-49
7.04160315357914686e-49
7.41660406929870900e-49
2.07530123105529568e-05
3.35223344964740114e-49
3.97792428446130881e-49
3.96925723635271925e-49
4.55615194137875203e-05
3.57710477604165476e-49
4.07556204619060565e-49
8.51780770570267242e-05
3.89292964572105404e-49
4.55801809918489773e-05
3.56428172474370952e-49
8.31476160771857760e-05
6.31366786833435740e-05
2.80568308459270975e-06
3.60846574815210994e-05
6.63868808606936839e-50
7.21404805768522238e-50
2.29657090218709233e-05
2.34805613721730804e-05
4.64580570444520821e-09
6.37869744175688176e-50
9.85379505231050739e-51
8.70281672849222910e-05
1.10874856703258195e-50
4.89723653831164544e-05
1.03293852187938897e-50
1.15857756255874748e-50
1.08140261927457957e-50
1.07928180098982530e-50
1.13123802321003742e-50
1.02347092429173114e-50
4.35875291308874588e-50
5.04403528365837622e-50
4.87621061827946699e-50
5.09134989176465490e-50
1.10768636893637039e-04
5.04355926800353251e-50
2.77598765853383533e-05
6.07820581131774597e-05
5.05881218387360748e-50
1.22531511981255253e-05
6.15749559313757754e-50
7.56302624583419717e-05
6.80278978983461481e-50
7.34169468857644787e-50
2.52855188358772790e-05
7.14882806365703051e-50
6.43730049970321817e-05
6.79906621415806745e-50
3.57563725665185716e-05
8.92644254312570101e-06
3.74350419455386159e-49
2.67610331375641548e-05
4.31451292384622966e-49
5.01196626347100206e-05
3.92911306561738917e-49
4.62311463371603725e-49
4.84665290570552451e-05
1.01218293724244910e-04
4.65340288788807810e-49
3.92740026711050020e-49
1.13708032474692263e-49
7.19468664109027309e-05
1.27055716371637625e-49
9.93329216801436141e-05
3.21069424337050644e-05
1.31484447754706063e-49
1.25405176108413768e-49
3.67195561311191548e-05
1.32049407175692416e-49
3.10737770655167628e-05
1.28332230928182326e-50
1.46700005440165369e-04
1.43989232742909810e-50
1.52628494321782067e-50
1.33528617992509989e-50
1.49217919980226189e-50
1.42035790581387351e-50
1.42551319566275990e-50
5.35464464373270192e-05
2.17571502528467354e-07
2.48104367861841915e-05
1.36278289398513401e-49
1.81676674349869992e-05
2.46687199475321987e-05
4.84602357313128337e-05
1.35314361497753735e-49
3.30233601683264634e-05
5.59588679026197184e-06
4.86657027511234433e-05
1.24767201030368935e-49
1.00279681300014396e-49
1.14504856535103706e-49
1.09193432966048547e-49
1.16381445848392663e-49
2.95905343567247142e-05
1.17036353658874297e-49
1.10608983260989938e-49
1.85843519747073412e-04
1.16888792753208204e-49
1.06172103797248575e-49
1.32795384067918773e-49
1.33204496457855011e-05
1.73580572379831001e-49
2.31520154772019542e-49
4.64749645225295832e-05
1.56624717666946011e-49
1.65558949728733167e-49
1.42835557256419288e-49
1.60765071298821846e-49
2.13701899397330207e-49
5.18682928800403082e-50
1.72433281929163467e-04
5.88530625562214772e-50
1.59713935349086365e-05
2.97961646733226030e-05
5.99673349981140304e-50
6.88284487369618657e-06
5.74521628935769862e-50
6.00130934675280691e-50
4.84053795082605665e-05
3.29619291457320521e-05
9.14240754329292553e-05
1.99373387082813004e-05
1.30673477624821543e-04
2.24595135162711447e-05
2.66505665395815120e-50
4.99963644603582783e-07
6.77170674618385572e-06
2.63559607278138555e-50
6.17446875430418634e-06
1.39018649975182669e-50
7.99685109403525991e-05
1.54776035866226824e-50
2.95988589266383612e-06
1.06444583761052084e-04
6.29914294064917948e-06
1.55077659223922295e-50
1.49922137483655778e-50
5.86756453655295036e-06
3.44733321787827241e-05
1.69041103648721057e-48
1.47934289202133036e-04
2.12722165625416773e-48
2.01823165174487651e-48
1.72951668352759432e-48
2.16222996569062870e-48
2.15656285157504853e-48
2.41167299053358429e-05
2.13725396575329272e-48
1.89879417086250545e-48
1.73437047805749613e-05
7.31421213242003458e-05
2.04466154358474103e-49
2.11100089923946539e-49
1.93919768023874682e-49
2.10400488429395439e-49
2.07212100347629482e-49
8.25841019158087263e-05
2.09490028593066120e-49
1.92934835597782229e-49
2.94816981364721924e-49
3.30641807634276414e-49
3.35616456923092042e-49
3.36565548823727703e-49
3.10899779579238192e-49
1.00400606507983594e-04
3.39403425218144052e-49
3.33270296021787851e-49
3.38814627721805061e-49
3.06363784556605402e-49
1.87564329052918352e-49
2.15791788236442992e-49
2.11605002869623058e-49
2.18402191515396596e-49
1.95448783138650923e-49
2.28328625591952571e-49
2.10579260750180868e-49
1.08367336484949714e-04
7.17350953891573038e-06
5.66372288580245452e-05
3.26014187680866765e-05
1.43973175557069223e-05
6.18407214013464194e-05
6.50494268303696209e-06
5.44632311157916625e-05
5.13423032665465839e-05
3.36570449123364636e-05
2.92255711421963784e-50
3.01554145746121350e-50
2.70974288130200275e-50
6.74359304901658538e-50
4.98879925441782809e-05
3.97512959062145156e-05
7.85772348915335144e-50
4.25512245545740437e-08
7.76830037609979594e-50
9.92765182628085770e-06
1.02140143853512782e-04
1.26056798981278667e-04
6.96962088452857102e-50
2.53323864031958246e-50
2.07869917145009696e-05
2.77128700905975261e-50
1.30544201165495952e-04
6.26144318122078224e-06
1.41874525511741420e-05
2.75336322295132417e-50
2.74395309916692949e-50
2.87666295058255651e-50
1.03671635339990569e-05
9.86148034841922375e-49
1.11686742017403765e-48
1.14689356151230206e-48
1.13901863263321713e-04
1.02526800545978128e-48
1.17904274778351896e-48
1.15541935502217410e-48
1.13473962439114277e-48
1.09833702838961120e-04
1.04845559251719743e-48
4.03846686800470756e-49
4.70867136553125939e-49
4.75867651013132949e-49
4.77316766732659508e-49
7.67903591490966541e-05
2.96452406970641527e-05
4.82382035630195068e-49
3.17517580830533168e-05
4.87926625870282166e-49
4.45776406787900451e-49
9.13095234636684513e-50
1.21602438786409627e-05
1.01461075309392243e-49
3.74254359171673303e-06
9.49034148660763058e-50
1.05507744610848520e-49
5.36223057630551568e-05
1.61645318303920619e-06
7.10216910369002247e-05
6.09280116338941892e-05
6.59952944714319417e-06
8.91464735261255161e-50
1.43190868436829960e-49
9.31039428487946568e-50
4.16371545917077970e-05
1.05945817687642387e-49
6.30083601795279591e-19
9.84062850376026757e-50
1.49626535220450731e-49
1.03494722115358213e-49
2.50615372073407537e-49
3.48152125475599403e-05
2.82283943320350566e-49
2.93544063151758677e-49
2.65875463046922533e-49
2.96088634775972914e-49
4.28595022334916223e-05
6.46329752934601695e-05
1.08362665064878078e-04
2.65373192969001203e-49
1.50188000482901800e-49
3.59608136356013859e-05
4.17823832066517548e-05
1.74294363268301312e-49
1.63984131187470004e-49
1.75169453777281579e-49
1.65300117659113221e-49
1.06497369946516225e-05
1.25191251049449324e-04
1.54979605900675684e-49
1.40202805579249548e-05
9.60763668830846829e-05
3.94958064172470189e-05
6.23484557863848102e-05
2.55948848171083308e-50
2.30930404952003875e-05
2.64156233557372440e-50
2.61154297624200507e-50
2.72480446478198250e-50
6.09284671136604112e-06
1.47787175033729344e-50
1.71888067148039324e-50
1.66605529403299288e-50
1.73364602742322085e-50
1.70034360802707242e-04
3.00963149113507679e-05
1.63767905533427905e-50
1.64686787080611701e-50
1.70801963608844026e-50
1.55172495381546234e-50
4.39928979212196146e-49
1.22639577530207024e-04
4.47031339223209753e-05
7.99741414060891123e-05
1.11867441762430692e-49
1.03869152569439698e-04
4.98078498342173264e-49
4.92796945293762878e-49
1.04189691301482097e-04
4.60288208477044282e-49
3.74124263508378285e-50
4.42793232383216213e-05
4.18938994528560138e-05
4.87444634700815265e-05
3.96290210133725768e-50
3.42504967838493521e-06
9.43676480265778056e-05
4.08973460752962953e-50
2.08639629709234571e-05
2.78791353132935411e-05
1.39601847402683122e-50
1.56656491258196153e-50
2.08610208819171830e-04
1.61971830351543001e-50
1.46397166735459488e-50
1.60619538769466786e-50
1.53859278458549213e-50
2.59034260102744566e-05
1.60560905960551081e-50
1.40627012673805046e-50
4.09323383974968743e-50
3.07712303097625812e-05
3.15994754260946342e-50
3.38029804894004819e-50
2.73626405408840932e-50
4.02472083393872860e-50
3.22803080232261122e-50
4.20962162497322757e-50
4.06015316535837704e-50
2.93607530435131740e-50
2.09258847119512592e-49
1.41449935563693499e-04
2.30543436667623123e-49
2.32304232455459239e-49
2.27314269885211093e-49
2.42359032892117320e-49
2.34638685272655864e-49
2.34303304507433932e-49
3.39614629622501425e-05
2.18977972769318470e-49
6.83215610544108579e-51
2.53216817773566132e-05
7.91225010056245199e-51
4.70831465635311713e-05
7.39323317998260359e-51
7.99383758714686666e-51
7.59444884998089769e-51
7.55487310630864222e-51
7.77245356727640826e-51
7.04929390503319811e-51
6.31932573535895411e-50
2.27455547536720021e-05
1.76458573579270150e-05
7.83914984882558419e-50
7.06832674044617128e-50
1.03259956703468164e-05
1.54500654958841503e-05
8.02822345427537716e-50
8.73179727865637048e-50
9.87928069960923449e-50
2.12068745660785606e-50
1.59486017961439354e-04
2.31789039654370037e-50
2.44221446840086136e-50
2.17132222621258729e-50
2.39829126839079863e-50
2.30701096078783760e-50
2.29559483524916740e-50
2.34537909687647237e-50
2.12575749916727879e-50
3.31087682411735497e-50
2.32964968959038637e-05
4.65676344342646822e-05
8.78445505370710039e-05
8.57607333243413506e-06
3.85616840967935876e-50
3.72342211383976574e-50
5.43266301902447024e-05
9.67764695276944985e-05
3.45739892147273155e-50
2.38784971384302439e-49
3.39723859727341950e-49
3.38524018236601792e-49
1.15385455704233518e-05
2.74386594086472879e-05
3.47394519870913540e-49
3.61933943325903074e-05
2.89186470067046392e-49
2.67824953365556729e-05
2.94757121741313594e-49
3.70496923655202022e-50
4.22807307466436667e-50
2.06622167183799981e-04
4.29526458535739093e-50
3.92978901469348399e-50
1.44294116965565117e-13
4.39809026645680267e-05
6.70383144475733848e-05
1.43229300881474087e-05
3.78084524163385964e-50
1.13085733283879659e-49
9.85250779216780485e-07
3.74094343427985106e-05
1.31717558467071424e-49
4.36060219428006468e-05
1.32527359458516683e-49
1.27693571795288404e-49
6.15113047346882089e-05
3.95593220791029291e-05
4.98862163768155770e-05
2.00961643373028938e-49
9.24754299973504413e-05
2.33613246754279355e-49
2.33004189710630628e-49
2.19864856476530760e-49
2.34538130522664817e-49
2.32721960062775285e-49
8.55089502343660957e-05
2.38398318926647475e-49
2.09121886933250551e-49
1.50335242508927768e-49
3.25551468944822306e-05
1.68005564466596653e-49
1.80228054358081518e-49
1.08012103809651083e-04
1.75484531007162266e-49
1.66656514604864075e-49
3.95739023207794454e-06
1.72357392728667753e-49
3.48139958210671679e-05
1.44523001717505317e-05
5.10146963989807891e-05
1.69003682795994470e-50
1.77662692849336336e-50
1.62274881339472302e-50
1.69316742900117681e-50
1.67571733133538976e-50
1.67414927692529208e-50
1.75192307330375178e-50
1.54836486284977286e-50
1.19586007109352806e-05
3.07678200267727117e-49
5.90083505725435170e-05
3.12588077686852204e-49
3.41980556312383493e-49
3.61296298233670705e-49
3.10105427604809620e-49
6.51771851434274882e-05
3.21127230059334124e-49
2.85158228024366285e-49
1.45480411777041363e-49
1.67798756237809712e-49
1.63061302053914985e-49
9.11836384613427521e-05
1.54654669823880149e-49
6.05909097835310778e-05
6.85630227901611977e-05
1.61848468575448037e-49
1.67432454291656245e-49
3.03644803730728586e-05
1.07299752637982337e-04
6.65002678203758656e-05
1.32872706722612397e-49
1.34671502668974479e-49
1.25590959020081101e-49
1.35836156473142241e-49
1.30192675677528381e-49
1.29066435514540745e-04
2.07361070836617783e-05
1.21936526181073690e-49
2.90560193033307221e-49
3.29077203691882712e-49
3.25049353629207692e-49
3.37624039468997232e-49
3.04488803250282404e-49
1.57249109475616572e-04
4.58310104778622866e-05
3.24702750687443828e-49
3.45016979510493365e-49
2.90324908362863325e-49
3.98302320020376287e-49
4.66859666762185381e-49
4.53720029916197315e-49
4.78270416939285193e-49
1.42719853077655554e-04
4.75444368298397029e-49
2.48194348199533906e-49
1.98469173276948833e-04
4.56621486918262022e-49
4.23696057447273840e-49
5.67064161807886938e-49
6.29519812322794699e-49
7.14141895834731382e-49
6.68990224121071546e-49
1.41629231161864751e-05
9.35639360173707067e-05
7.35646478933817019e-49
6.53907399607724616e-49
7.26209947282666490e-49
4.76016168925289424e-05
1.58972130464507070e-49
1.80162390135798634e-49
1.77404697095759875e-49
1.80991608297997691e-49
1.66515843029822288e-49
1.87675688239751824e-49
3.02862406273982062e-05
1.73892318111365339e-49
7.40335123498925610e-05
1.64611055901532515e-49
2.78391969181804841e-50
3.07040188998805657e-50
3.06880558533820731e-50
3.17144360713353045e-50
1.19545417381286198e-04
3.20139957011832085e-50
3.01793854494034031e-50
3.05379653869190375e-50
3.14139756116892789e-50
5.80017848970205293e-05
7.45398646434982238e-05
3.63197504104634837e-50
2.81314912667421154e-05
3.77960929742958817e-50
3.39127812503630452e-50
3.79184426057956111e-50
3.55449187136697287e-50
3.64306255451325760e-50
5.25968758783760626e-05
3.28560964540689898e-50
3.00273955223165825e-50
3.35259928748634148e-50
1.90797596774206721e-04
3.49929598204801254e-50
3.19915060592940307e-50
3.42294370326078594e-50
3.28666186492783535e-50
3.30119172735431894e-50
3.39499867697202111e-50
3.01310053423815824e-50
1.50342316986169653e-49
1.71191641230656980e-49
3.07829674729681710e-05
1.01404850840572998e-04
1.57803367081258700e-49
1.74985316445734042e-49
1.65838761750615339e-49
6.98580727065582026e-05
1.78580029887228354e-49
1.58214498058256622e-49
4.39732742448592308e-06
1.23940377846070633e-49
1.23974611204308495e-49
1.27662153373115526e-49
7.00736770894298165e-05
3.10039226772542494e-05
2.69568536300275353e-05
5.00728389798276929e-05
1.26146400614632164e-49
1.15172751771873457e-49
5.07200085828205727e-50
5.77386056452337101e-50
5.74557944043549080e-50
5.89075263127680598e-50
5.39680196976007347e-50
2.47333115790081207e-07
1.52419002568601228e-05
3.48950135672098120e-05
1.44750584613896350e-04
5.23634911850700185e-50
1.65402821843779609e-50
1.06204934152373187e-04
1.80583772664631173e-50
1.98344052603794088e-50
1.79519643645048559e-50
1.95057395377894295e-50
1.85450127002161289e-50
1.82648599102489247e-50
1.83889299688414096e-50
1.62232482456489105e-50
3.95569274742061718e-50
5.22940548542363285e-50
5.03410059885304144e-50
4.95458739690932646e-50
3.73144614298607130e-05
4.85254870257622153e-50
5.42242520571077843e-50
5.04116714233046908e-50
6.43729129223048660e-50
5.27355604768689445e-50
1.56320698096156876e-50
1.78446340364019516e-50
9.41305254249683807e-05
6.46004430819754014e-06
1.36607948498186052e-06
9.44347428423454404e-06
1.76277925531205836e-50
2.36273611978914572e-05
7.05588228905647822e-05
1.62003010498868176e-50
4.91315959215849217e-50
7.77934149169054722e-05
5.41443116148169956e-50
5.69116109112766099e-50
2.34511011585655597e-05
2.61721029074573014e-05
9.05267204190290996e-05
5.10697047155271393e-05
6.58505986563255346e-06
5.09992323139533990e-50
2.90226759883215017e-49
1.35541747399184435e-04
3.32976941890598662e-49
3.51715916368492377e-49
2.10872908602799207e-49
6.23942035737449509e-05
3.35713970592516958e-49
3.20283731811217148e-49
3.38139159988830159e-49
3.01786902644784220e-49
2.52467224354261059e-50
2.89218815700816795e-50
2.80892777667393351e-50
2.93178548298175562e-50
2.69511933782914710e-50
1.31671659803468690e-05
2.81793490799343275e-50
1.82001246130891270e-04
2.91244582028556777e-50
2.64041115262881707e-50
6.91028965498882641e-50
7.88619874289286190e-50
7.67182607457730687e-50
8.08787994590699520e-50
7.64062225110434055e-50
1.84409737435064913e-05
1.20087081636780456e-05
2.03897181929204723e-04
7.87765138413691098e-50
7.18471689621062735e-50
7.10782355303128940e-50
7.88406778987900395e-50
7.81231298601180662e-50
8.25068652947507927e-50
5.28200059866205612e-05
1.27251189474827255e-05
1.23063230851959508e-04
1.08963926824306003e-04
7.85926395462134615e-50
7.32589006504652100e-50
3.51726191113196770e-50
4.03562377028741522e-50
1.38534579294678787e-05
4.06755479463812548e-50
1.62927765926635104e-05
1.17066514805245356e-04
3.90242158656622334e-50
1.33195801818436829e-04
4.06351405464425967e-50
3.65213438078010441e-50
4.45953730134156599e-50
6.70144127018817352e-05
5.05005802300876842e-50
5.57668363903418619e-50
5.08021802770955033e-50
5.51774072886511111e-50
5.04606300777792130e-50
7.54066860346327387e-06
5.20062132050914685e-50
4.68952489903754184e-50
