1.26625549917784588e-49
1.22219043501130862e-49
5.18228095142742303e-05
1.38397803868267091e-49
1.37614481904390810e-49
1.38771769016652126e-49
1.36187212607765396e-49
1.35980115395796267e-49
1.05598157600702333e-04
1.29191844463452342e-49
6.30413619300856823e-05
2.24397415355937735e-49
2.17389567165547871e-49
2.20575833778394519e-49
1.56483561692679306e-04
2.22313192235624706e-49
6.85558732460553376e-05
1.21188802419616706e-04
2.21753896325530692e-49
2.06115904607447830e-49
9.20652140574302863e-06
2.64890155930796022e-49
6.24616467338369322e-05
2.56369861288566088e-49
2.76080602870522918e-49
2.64502307682452120e-49
1.20842499788127960e-05
1.01868935742968355e-05
4.43174854855941727e-05
2.54996061157035001e-49
1.42445675047652670e-05
1.42562098680623491e-48
1.59315248908411762e-48
1.46569650463599319e-48
1.30055433164955014e-48
1.28141430609892001e-04
1.66143141659710711e-48
2.69926678717248348e-05
1.57531940983879566e-48
1.49872256921968844e-48
5.93283229336837590e-49
2.57057233579422557e-04
6.45665968063990108e-49
4.09162308326922543e-05
6.28152959526532839e-49
6.62822128798643249e-49
6.54687911238586006e-49
8.20510889658788441e-05
4.06704560066639022e-05
6.26814151991901705e-49
5.26397025039377843e-49
5.35848006128624717e-05
2.57315257646522031e-49
7.04004585593902922e-05
5.65329468734987456e-49
5.94847033943549063e-49
5.82361543289316581e-49
1.00054815347081654e-04
2.09308442621464988e-04
5.59601665339361888e-49
3.30080850325561480e-49
3.71166763095647184e-49
1.13566492731741205e-05
3.66121613198730738e-49
1.17724205662288728e-49
3.64966102097472683e-49
1.97888664988988855e-04
2.61453858959711605e-04
1.41826293145854522e-04
3.44327170515396760e-49
1.10034416335829619e-04
5.48707792412215316e-05
5.87436391822605019e-05
3.64440275104500641e-49
1.10317509037399158e-05
3.70908387967058428e-49
3.59355707226082769e-49
3.50960429420075902e-49
1.38884340751392035e-04
3.41314926800105002e-49
1.26510891861859828e-49
3.98147163370167039e-05
9.36694204595621396e-50
1.46851376515008593e-49
1.02846875749084521e-49
4.80776036014690327e-05
3.65079370721565119e-05
8.95756605888787887e-50
9.22561698803281813e-50
8.87605421608370636e-50
2.90896717075302844e-05
1.38318995240562297e-49
1.33630036762785462e-49
1.28807129144205761e-49
2.49757028361920682e-06
7.09785681627271494e-05
1.39739470791463159e-49
1.43981229160958491e-49
6.43842154464920106e-06
1.24862914163084833e-49
7.51989228916799623e-50
8.41560466231261100e-50
9.25985941700121519e-06
8.28032486862192848e-50
1.76707663764491166e-04
1.01327723001918603e-06
8.06648412522214873e-50
9.91490701531601591e-05
8.38434790652469652e-06
7.69499320156758999e-50
7.71736626896662573e-49
9.45236089702445872e-49
8.61239614687426619e-49
8.58554211482739121e-49
9.13020251115409782e-49
8.78314541589614882e-49
8.73092594355096267e-49
1.80704918299421920e-04
1.99357052044621863e-05
6.22312732797388661e-05
3.19210865313405231e-49
2.78708292467811046e-05
3.74759799217309544e-49
3.57673950534685357e-49
7.93240146157110952e-05
4.40485887547138161e-49
3.90830140831453572e-49
4.03377260401843166e-05
5.13323392852053296e-49
3.60239050713030654e-49
9.68388825187192190e-05
8.19505284065354374e-50
7.64235050439078044e-50
7.96726474514071958e-50
4.27192410124482347e-05
7.87417250223957035e-50
7.67221676145684691e-50
7.64481609380301925e-50
7.94173935717490827e-50
7.31286084056555117e-50
3.42629430633861795e-06
1.57361030292312967e-49
1.52086297036711329e-49
1.25762912881937083e-49
1.44529105386873142e-49
9.17531452143831620e-05
1.39796933709808984e-49
1.52247190587696517e-49
1.30441980661313734e-49
1.53503411570035439e-49
1.16382069500783105e-49
1.55389393195406873e-49
1.40756924757002906e-49
1.31127028038654092e-49
3.60573091374370003e-05
3.81509002767358156e-05
1.44571682446980635e-49
1.59216134303617981e-49
1.52263016195299694e-49
3.02145864217506323e-05
7.21755017221431886e-50
7.56753519161187522e-50
8.46150159072031679e-50
7.44106458322487635e-50
7.33486880375076968e-50
6.10548096444701254e-06
7.55846968611814143e-50
1.26368512489987046e-04
7.50266810756560806e-50
7.05076340488897116e-50
9.67121536365808117e-05
1.83329497856309010e-49
1.75681907391908379e-49
1.79742597491987509e-49
9.21264952374974870e-05
1.80352274880496774e-49
8.43694764321595040e-08
1.04774281976695137e-04
1.76148829392307649e-04
1.66648977613052615e-49
4.70971790250433519e-05
9.17216000922494904e-05
9.02240919429620510e-50
9.08084956405098017e-50
8.68685447990933563e-50
2.37231119897563556e-05
8.93031899730281487e-50
6.06725188067515719e-05
9.18225611219164234e-50
8.79411501083956486e-50
4.49052453622112018e-50
5.00545160528892830e-50
1.24305453341707133e-06
4.95784973866207057e-50
2.14942746787718588e-05
2.64108300061408107e-04
1.64078407802885214e-05
8.51082340859051319e-05
4.94622631197504337e-50
6.46576096093691568e-07
1.98204143245097646e-49
6.00109613872169633e-05
2.17713993438833280e-49
2.19921652542443756e-49
4.30727447801622427e-06
1.27175110873554056e-05
4.06648147952516910e-05
2.06694991701909190e-49
2.26031893155190987e-49
8.30726605324325768e-05
9.34992110757757619e-49
1.04829298053908395e-48
1.03821135800659073e-48
1.04141153914783283e-48
9.68055761167814341e-49
1.08005062455797287e-48
1.06593071793127484e-48
2.37751416566947787e-04
1.17047074823467818e-05
2.33316975428178835e-05
1.13627040660741838e-05
1.29702402639736083e-49
1.26570682573612842e-49
1.28885448427663730e-49
6.72553232544565740e-05
1.42479316352910274e-04
7.86981267467699240e-05
1.23879055042362132e-04
1.28218073887608344e-49
1.19362393934500064e-49
8.71379840527765798e-50
9.81666180894975306e-50
2.58303105971613514e-05
9.86338888883873843e-50
9.07825977592569878e-50
9.58844900536592930e-50
9.49878199902479977e-50
2.58682264477895843e-04
9.51468468565663218e-50
2.62257807533556273e-05
1.29596105704587589e-49
1.16838335029952859e-04
1.42144865399272348e-49
1.48313773783724434e-49
6.62222797062699767e-05
1.45795208312978812e-49
1.44341017312948510e-49
1.39142369114876336e-49
1.43457728651586950e-49
1.33297305462840671e-49
