4.37588924929834253e-50
5.10732876981952701e-50
4.81829574320953338e-50
5.09727681431727141e-50
4.00603180420089269e-05
3.62507516992419013e-05
4.90935296613715100e-50
1.80484892390525369e-05
1.58764030517169697e-05
4.22026477533742813e-50
1.67588156965889630e-50
2.67416982833524927e-06
1.83430554806734376e-50
5.28120626993770913e-05
1.70281513061076253e-50
1.91567319412649796e-50
1.90799530534382712e-50
1.89196774063729451e-05
6.26665651930106642e-07
1.62360075507486274e-50
7.84299372491683027e-50
8.87677721554898656e-50
2.81042660774112575e-05
9.18230335656609446e-50
3.06511748633235027e-05
9.12351009900948366e-50
9.07222679104204256e-50
2.60916598307177382e-05
9.46265224677722029e-50
7.72013439638658860e-50
2.98051721442793459e-50
3.36670936201469647e-50
4.39341300470363414e-05
3.45240368003612663e-50
3.10546084261650721e-05
3.39287359160262478e-50
2.42946268199367196e-05
3.20047770953233917e-50
3.53697361025215398e-50
2.85182713802905989e-50
8.98257639715542979e-50
1.01929151586333861e-49
9.76279488443652715e-50
1.04533700560196922e-49
4.17998646661564958e-05
1.04385425221169443e-49
1.03611449020778222e-49
9.71067975150635422e-50
1.91093445049017917e-05
1.10348082639331591e-05
1.10871897501855658e-50
1.26195897571759698e-50
5.13240900260529561e-05
1.30144545450912528e-50
2.53468576111623305e-05
8.17112361152127741e-06
1.25227639154236749e-50
1.19034096951338914e-50
1.30433359922575465e-50
1.07002728035777036e-50
3.11154455314543321e-50
3.64518914600845451e-50
1.16160001292393522e-05
4.04221906476772207e-50
3.01849487134175735e-50
3.67387741989195732e-50
4.36709530815848283e-06
5.53562823379405804e-06
3.86065767445578186e-50
4.27823271246130605e-06
7.65845521389685039e-51
7.45425113646070093e-06
8.80784808133745748e-51
5.99068390686886093e-06
7.73168850864018054e-51
8.57766747636650990e-51
8.78886486636723610e-51
8.85547859154595755e-51
9.25179763650928053e-51
3.00200465324779989e-05
1.85489067807212889e-50
2.11349531023945856e-05
2.05766067485888321e-50
6.01739476753072580e-07
1.38952436416957094e-05
2.14075906474679572e-50
1.13321878667476823e-05
2.95841145824092516e-05
2.02090794850786709e-05
1.78547130612745835e-50
6.61268275236964076e-51
7.38276104070408362e-51
7.19020223270424934e-51
7.68179535481483955e-51
5.34580713099206171e-05
7.41114420853785863e-51
7.38498387500762809e-51
7.94645855459109291e-06
2.36310450649824206e-06
6.40030410819219042e-51
2.58119900594990716e-50
2.96835113540229237e-50
7.02585393172132204e-05
3.01996350282995027e-50
1.49016658725324515e-05
2.94599934525051986e-50
2.96170755345806484e-50
3.19111669540606769e-05
3.07678805801998251e-50
2.49636381479989103e-50
1.97068213545469385e-49
2.25052777154892513e-49
2.25203267012732117e-49
2.32165578244830531e-49
2.02228207659974451e-49
2.33103268091769373e-49
2.32842879161629365e-49
2.17374710495738575e-49
7.60648666306310500e-05
1.95114453911066901e-49
5.50959204241976152e-51
6.15488931290068879e-51
1.18968386584415583e-06
6.39937560800648209e-51
1.55987712058250974e-05
5.14182974635634871e-05
9.70794280774927879e-07
6.40512896376958599e-08
6.42532735834743371e-51
5.25480241663804600e-51
6.48932893160527204e-51
6.50887216466860110e-06
3.42773738840599169e-06
7.67953048542397538e-51
1.88640041628906210e-05
5.44099923599776597e-05
7.39901198286180565e-51
7.01534737748634173e-51
7.73367354237319363e-51
6.28686969172799437e-51
8.67234520055875615e-50
3.98408135062840697e-05
9.52720115155975100e-50
1.16504669502077537e-05
9.55552550644408401e-50
1.25264888264640395e-05
1.00181409918357777e-49
9.44030669013623982e-50
7.46879104589527485e-06
8.28415100497036865e-50
2.59437500911915269e-05
6.29748792099717299e-50
6.10365718986304192e-50
6.60004069694973552e-50
2.92509500144559436e-05
6.16589765807804626e-50
6.49002807475964499e-50
5.95260670212464099e-50
6.89864779348643587e-50
2.74372173630148238e-07
6.74374522327591733e-05
1.92141414187588410e-50
1.86963368398782118e-50
2.08053824886835172e-50
1.72354063456874585e-50
1.99706004080950610e-50
1.93629085141276326e-50
1.87830653579976592e-50
1.99844997879124365e-50
1.65359274759256220e-50
1.40667723908691048e-51
2.51838803063867585e-05
1.54932735535127732e-51
1.63723142108748504e-51
1.38337193687476137e-51
1.58209260928533549e-51
1.58714939470750935e-51
1.51736781594179138e-51
1.67447718283033045e-51
8.64397926338880295e-06
3.80582565679310932e-50
4.26123489959371488e-50
4.35683461907384015e-50
4.31053736002503325e-50
3.74288252390876474e-50
8.25061685710169263e-05
4.13675847191130610e-50
1.60876223643787865e-05
4.41820633998685205e-50
3.59453975763625551e-50
3.32766902854665564e-50
3.72509854981244633e-50
3.68075745165610112e-50
7.55525282993257162e-06
3.91175413917181029e-05
1.05918087961342353e-05
3.88321308234158856e-50
5.05852927091817569e-06
3.92055075366914217e-50
3.23468814110932547e-50
6.46764760457195365e-50
7.48721909282584753e-50
7.15290609758487281e-50
4.18691142624220848e-06
6.76888784420294385e-50
7.42349188635239118e-50
7.46360755169701448e-50
7.35430593703902336e-05
7.70014201864595097e-50
6.36284322710109433e-50
6.40670524224279332e-51
7.25456221552867979e-51
7.03526872403964732e-51
7.48736451600831444e-51
6.33521793322706970e-06
6.89887459079363666e-05
7.31416086940807494e-51
1.13758375279428949e-05
7.67737143043155481e-51
6.23537864064638522e-51
1.27237127062227943e-50
1.46117703940806220e-50
1.44820077508679722e-50
6.14824842120563069e-05
1.31862365511206312e-50
1.46911884108368477e-50
1.28582878439449646e-05
8.22029632452233440e-06
1.59219737261252919e-50
1.23561283894212506e-50
8.15639752002857187e-52
1.25600098184086505e-06
8.04442876238162344e-06
3.79535028632148457e-06
1.46316694509674505e-05
2.07411227452626668e-06
1.95097158156792214e-05
3.31696354441963967e-06
7.33743065347028874e-07
2.89570414732461367e-05
3.78832481743436139e-05
2.50972916613880482e-05
1.28500482660628319e-50
1.34086193951167048e-50
1.18768441596664603e-50
1.37096498951572926e-50
1.32650347056695639e-50
1.27497092268718973e-50
1.36610755543433554e-50
1.18897401441824039e-50
3.28354597654621181e-05
2.31104587931941789e-06
1.44212587195091724e-50
1.62348650783741641e-50
1.37220118444927394e-50
1.29440548312277947e-06
1.53806855645930956e-50
1.45471509746034147e-50
1.72085076355015892e-50
3.16640726357264198e-07
4.57188149749435959e-50
5.10983411570088983e-50
5.35531039352976520e-50
6.04361170564831374e-50
5.17419818347133023e-50
5.24985705876402721e-50
5.48976310839964369e-50
4.86276321404392015e-50
5.59699011345619607e-50
5.37255247457828891e-05
2.91000958228016216e-50
3.18331767431212983e-50
3.22434307494016358e-50
3.43406469585514874e-50
2.94622585465024525e-50
3.37839129701311542e-05
3.35608601610191041e-50
3.15326109553064153e-05
3.45427529072407873e-50
2.80845495474888925e-50
7.28892019214661058e-06
4.62689197284862618e-50
4.49654489923512529e-50
4.91292214412992775e-50
4.29626338654765318e-50
4.64045946986343191e-50
2.34769143492868654e-06
1.53462458296774780e-05
5.24019398081164766e-50
3.99585261799102315e-50
3.72051128951204650e-50
4.55798030178048986e-05
4.23352061529180832e-50
4.38485612736601584e-50
3.79641598998191157e-50
3.85774218333082065e-05
4.31232357951372817e-50
1.70039120471376625e-05
4.43728255922203663e-50
3.63378183726909082e-50
1.41590996976319021e-50
1.59029912437917566e-50
1.57912537413693438e-50
1.65705746518390620e-50
3.05940259221641561e-06
1.59062302232211335e-50
1.60351371917075381e-50
6.25752520036552241e-05
1.67304411067795388e-50
1.34546200153470082e-50
2.56826827540441350e-50
2.86888781916672509e-50
2.77948908805371630e-50
2.95430354387671790e-50
5.07555982686539754e-05
3.47128031838907501e-05
2.88589947969835841e-50
2.72142111076671059e-50
3.08180789084054953e-50
2.25250927439891314e-06
1.06967036468357093e-05
3.43947366828301134e-50
3.30130643755141274e-50
3.54736837167105102e-50
3.14147366612170704e-50
3.53881111814037494e-50
3.55936050281708671e-50
1.98749457387950909e-05
3.62660336740248396e-50
3.05515664439183665e-50
2.39358440246687842e-06
1.79666667305502388e-50
2.15284670640139207e-05
3.02243582198647315e-09
1.18952530444628101e-06
3.89873599079202742e-06
1.82052261224546833e-50
4.82892991632120707e-05
1.91625924088042903e-50
2.83697165287160591e-05
4.32727427849990848e-05
3.93081353046990029e-06
4.54800494265328783e-51
5.87362319097855898e-06
1.02215584331012992e-05
4.53056851232225815e-51
8.10376423140760218e-06
1.23063085481663241e-10
4.97667510362495630e-06
1.29822984170942827e-06
2.98405804186106160e-06
1.08004766521607171e-50
4.26732152240739292e-06
1.10653016531948826e-50
1.86767287914089646e-05
1.09705733605758500e-50
4.16579037469829821e-05
7.13821629960403830e-06
1.15512167185405030e-50
9.28759151750008167e-51
2.10663434091284959e-50
2.22744655500537585e-50
2.42029175520898414e-50
2.46063184204765945e-50
2.13389543649372650e-05
2.46076721470747696e-50
2.37815372257410284e-50
2.25733898411977002e-50
2.60999822153976340e-50
2.06177057163248938e-50
4.96974111285342136e-06
3.10676018140352506e-05
4.66082979463517454e-05
1.29442704423031265e-49
1.18056275622567498e-49
1.29998804698294170e-49
1.27988315661924473e-49
1.24943180660705279e-49
1.36751986366390289e-49
1.11936028851410454e-49
4.14695926667354639e-05
2.09423967210777341e-49
2.49239723057143937e-49
2.26749647423581447e-49
2.32128637619898090e-49
3.45892513035874201e-05
2.27695651817340025e-49
2.43133764534180900e-49
2.38139011727456278e-49
1.92041603590511594e-49
3.28261774625154356e-50
3.58987565147058460e-50
4.82410802571665329e-06
3.83868315344519749e-50
5.83944242002557023e-05
3.75610980533543084e-50
3.47013243942085288e-05
3.58749100282459583e-50
3.89578973539718431e-50
3.19075843269568524e-50
6.88157888608209895e-51
7.56105652165178017e-51
7.28943641338560756e-51
1.66773492620819745e-34
7.17698216835374019e-06
7.09981696357162679e-05
7.71784552860070513e-51
6.01579932073548393e-06
7.93361396065943523e-51
6.50630036996141081e-51
1.69558250359475222e-49
3.55786458235907225e-05
5.96800989831731436e-05
1.99760993403445228e-49
1.16211754276491268e-05
1.99365529622267190e-49
2.00134048893886729e-49
1.88671119957074515e-49
2.09506623441863716e-49
1.69064457280616923e-49
2.74217300364829525e-50
3.05491213879519329e-50
3.11708080088821996e-50
3.16492214328922638e-50
2.76476756453601105e-50
2.56703187461357037e-05
3.10809458701758209e-50
4.71519813449340015e-05
3.19204634886427856e-50
2.63629872407063285e-50
1.77581793695484410e-49
1.99665258728514532e-49
2.01688880342250323e-49
2.09699619971897639e-49
1.91410131144911710e-49
2.05836401453599547e-49
1.99470158631190845e-49
1.90331777677893819e-49
8.11564351866479148e-05
1.75998175843930987e-49
5.82855009046335623e-05
5.47115795987143330e-06
2.38481495134612184e-50
2.63595927556009187e-50
2.21303331115375816e-50
2.20739136384161441e-06
2.49433058402376378e-50
2.39913791429123649e-50
2.62678430209551444e-50
2.21478601795699745e-50
1.77703875930023084e-50
2.02959531011670750e-50
1.96262440074701491e-50
2.07476641755436933e-50
1.00212362988428478e-05
6.19294509243973322e-05
2.01954442378308043e-50
4.69103062135721123e-06
2.11183496361371279e-50
1.72098534145220221e-50
9.86194149018611125e-51
1.10778597486163415e-50
1.04907480659832781e-04
1.13624611969891734e-50
2.60956177659113351e-06
1.11972228537803906e-50
1.10685404272972872e-50
1.06999713040109159e-50
2.46481870944383435e-06
9.40637189526620372e-51
6.33036835758895916e-05
1.14705981382630712e-05
2.37235307129540231e-50
2.37930441964134966e-50
2.19057890360685089e-50
2.47030339026481548e-50
2.35396144244554285e-50
2.30891672477880460e-50
2.51341187824475280e-50
2.04265019493488901e-50
5.43593847728718236e-51
3.56095069993972235e-06
5.99653123256076253e-51
3.14141584614504952e-06
2.39381291596406262e-06
6.71667141081756146e-05
7.56601959681051863e-07
6.30638307330346246e-06
6.44818565028093105e-51
5.26671061598437278e-51
2.38064017900809222e-50
2.83187818199698779e-50
2.64885739451857241e-50
2.81783879373949403e-50
9.52250519869224646e-06
2.76146529799468069e-50
5.18762953927475508e-05
2.63721506999063445e-50
2.86531812364304966e-50
2.36849918969894734e-50
1.39675842188491590e-05
2.71234385081903721e-05
1.70637657638621072e-50
3.49005552329386881e-05
1.54850270198629916e-50
8.08298958219140663e-06
7.08170414547543324e-06
1.70027437580192797e-50
3.73226632054583231e-06
1.50150715537976807e-50
2.55707844669796071e-50
2.89475788127950103e-50
2.78721606294935289e-50
2.94120636568169898e-50
2.58854610279393599e-50
1.00031116988811056e-05
2.89379471151010283e-50
5.13050388644827830e-05
3.05400836555316567e-50
2.45954449651041635e-50
4.24756344455158191e-51
3.64136745401658351e-06
4.78892979326286397e-51
4.83056227247185648e-51
4.63935901398769017e-05
4.80710570856790703e-51
4.79224321699966312e-51
1.69448295096680872e-06
4.85569968953298517e-51
2.30061593575000483e-06
4.44850625398505549e-50
5.17540507123116755e-50
4.89410305305648731e-50
3.95533231436597381e-05
4.47150142044253116e-50
5.06418529466728272e-50
2.68552928551808468e-05
2.08505950215172927e-05
1.23050196805145320e-05
1.75625445523151520e-05
5.45831969847086036e-05
3.04361128944934641e-50
3.00797872505249179e-50
3.08874797697576100e-50
2.72158320521430152e-50
3.09582266441866561e-50
3.05853549935994898e-50
2.57501675305243140e-50
3.16637639762205585e-50
1.69224281838254377e-06
5.59953971072834391e-05
1.66070951743451289e-05
4.01702890495110923e-50
4.37412263504616642e-50
3.68708481551841797e-50
4.11434713348607149e-50
4.11276434945830764e-50
3.85159868133470500e-50
4.30185465310285250e-50
3.50415552984121139e-50
2.19294638298553591e-05
4.11299488913412936e-05
1.77815272592503088e-49
1.87283751207239259e-49
1.94797259362426560e-49
1.91927478749262275e-49
1.84516904227833935e-49
1.75357123129918341e-49
3.63465385510818164e-05
1.58941554637122341e-49
2.10784503953578933e-50
2.34060640044813781e-50
1.39138502817209786e-05
2.46464747163162104e-50
3.00939677753848340e-06
8.42663231872609660e-06
3.30454909479312408e-05
3.68307770950771006e-05
1.07007747266436935e-05
2.00524367554496492e-50
4.46071973297938891e-51
5.58397876323918470e-06
7.12280987573204047e-09
1.80326763057667322e-06
4.52588436067787351e-51
9.50694981175430565e-06
5.04013743771890329e-51
8.21948702083665231e-06
6.18490700394002475e-05
4.35421507730450979e-51
4.00001158026825436e-50
4.66315010025879684e-50
4.42419439996305121e-50
6.40684072480868265e-05
3.74911249551281244e-50
4.36777645784393352e-50
4.55603903028212788e-50
4.40648954983855629e-50
4.73805391474222894e-50
3.85600015680366581e-50
1.29830498042424958e-50
2.59761396296157344e-05
1.44126491975703985e-50
1.51421277910990716e-50
1.31387672696179544e-50
1.47308307076345962e-50
1.40622486317533508e-05
1.38794714430393468e-50
3.30811313336992977e-05
1.44476903964880605e-05
3.91416245914453193e-50
4.41761532607603917e-50
4.36998467919108072e-50
4.04774079736748817e-05
4.51066708181135459e-05
4.47081131783526543e-50
4.51837319055415793e-50
4.29713856231742249e-50
4.56412222618056125e-50
4.10985311371494143e-06
8.08685353381363104e-51
5.17480118032835024e-05
4.39829422742804494e-06
7.97519958493782776e-06
8.21024317648034235e-51
9.29047358853598688e-51
9.13423254458670866e-51
8.81939190720713486e-51
9.58472888428881722e-51
1.24941203485961783e-05
1.20014219289200025e-50
1.30643244364815975e-50
1.26066192982602555e-50
1.36232055104361802e-50
5.66043832388359030e-06
1.47182908641059114e-05
1.34543305845701130e-50
7.36692658726717253e-06
1.40162912750264377e-50
1.13928647136015721e-50
1.21406796285935705e-06
3.15692687010055262e-05
1.42004648837617529e-50
1.53077767805017609e-50
1.82451169642473956e-05
3.63252747122465915e-05
1.45818105369218871e-50
1.40300811125173480e-50
1.53908715560856730e-50
1.23942398566839589e-50
2.03562744176449217e-05
1.37495344487911667e-05
1.05965602054524969e-50
1.05677522319654377e-50
9.53793230613872920e-51
1.05924322202512045e-50
4.87528476108141070e-07
7.89113880668026411e-06
1.10047251360429517e-50
2.02047710887695771e-06
6.98260097516041419e-51
8.01114738379366937e-51
1.28192984045560123e-06
1.81712207921129500e-07
1.67118747530303460e-05
7.93180633806240973e-51
3.54673327885406323e-05
1.13682708218369482e-05
2.10666799770735165e-05
6.73079046044502099e-51
1.46105240602615452e-50
1.66901401467477510e-50
9.55933840729291351e-06
1.71984630043319037e-50
2.92753555570042959e-06
1.07358927542414838e-05
1.64993277574751256e-50
9.08217796528261353e-05
1.72815510954125651e-50
1.40591419060244653e-50
5.11873549854209392e-06
2.39494141308957314e-05
1.85896429385188420e-05
2.17509284058016789e-50
1.83204977645915405e-50
2.10612700014117234e-50
2.09019982637643795e-50
1.51490976760985040e-05
2.17956187324613891e-50
1.15699445515445815e-06
7.82678299224953697e-51
8.85181842721210291e-51
2.56038741984906747e-05
9.16817557037695827e-51
7.82991952191063489e-51
9.02835108046947722e-51
2.72391097890934121e-06
4.72468179437670807e-05
2.21452825458637077e-06
7.56956600539811513e-51
5.20334890204238076e-50
5.93387106066788403e-50
9.09848385631110005e-06
6.16091466331616625e-50
5.21037914034678422e-50
6.01215350334068573e-50
1.48954607460997954e-05
4.11969989643097545e-05
8.94308380501846404e-06
5.11481442576289938e-50
3.30452610091519257e-50
3.79074341546571661e-05
3.64104209196921746e-50
1.31813364563116145e-05
3.57898950258827288e-50
2.41352873075894204e-06
3.78402262262087842e-50
3.66082671903720182e-50
3.96045985198007280e-50
3.22801448368810359e-50
7.80040616827045047e-51
8.95888835071899569e-51
9.03530050203583225e-05
9.27892893930840772e-51
7.98113261935617685e-51
8.96954732971490760e-51
8.92383514203534427e-51
9.66003313247894055e-06
1.63365603658301885e-05
7.61727685321460191e-51
3.25030384013898327e-05
5.05079213593616955e-06
1.78878951069792620e-50
1.89798799445499159e-50
2.04904523801438323e-06
1.89600939267120463e-50
1.87645957847727065e-50
5.12894731060848139e-06
1.98994780458658780e-50
1.59384463435383331e-50
3.60278559735513631e-05
8.10447210525222439e-06
1.76421168323128665e-49
1.74114811767087996e-49
1.62952257690265698e-49
8.08185817860576174e-06
1.81751772204973591e-49
1.58396414533509396e-49
1.87469195199520351e-49
1.42869336631856411e-49
3.76000781313699513e-50
4.19949866551469778e-06
4.04712021097363267e-50
4.28881993803225882e-50
3.71661312761585856e-50
1.55206675764078604e-05
1.35183655929838531e-05
9.22872206117700690e-05
4.26262493670435974e-50
3.58149750756987285e-50
4.06861327240165912e-51
4.28313427677099779e-05
4.42795539993220053e-51
4.66578582797609163e-51
4.03124294323917872e-51
4.61732519424867032e-51
4.60264305662352336e-51
4.36798542804505673e-51
4.77698458853330149e-51
3.90055400712457401e-51
1.98326794343119271e-06
3.48760819373748635e-05
1.55265157119476167e-50
1.74036346837037754e-05
1.45098578063864481e-50
1.63126107079687225e-50
1.57605635584278521e-50
1.53081505967829188e-50
1.65630536999171129e-50
1.34339092526887144e-50
1.74270138713623122e-50
1.98520878526122748e-50
3.86214120985437203e-05
2.04257091308559380e-50
1.49752954602051248e-05
8.39697210955106859e-07
6.93997235768760444e-06
1.92866842568730333e-50
1.18594092648897302e-05
1.69147090017350727e-50
5.91803962157610791e-51
4.82415480857208593e-05
6.45856193938502036e-51
6.83665153780060184e-51
1.48548498028497042e-05
6.72948108755698260e-51
6.61546555950454854e-51
6.40250902540636570e-51
6.99165939277226308e-51
6.57971707662870553e-06
8.06649219703180349e-07
1.16578703974811951e-05
6.59595783524956252e-51
6.91415507426639009e-51
2.97872007218991615e-06
5.35966118809915056e-05
6.74620158501716644e-51
5.99996639306405655e-06
7.16885641424714399e-51
5.78815959265085503e-51
7.72221345460198276e-50
5.13739323689420870e-05
8.56223742444292695e-50
8.98038705199111941e-50
7.80881981197924557e-50
8.52094160832972241e-50
8.75365887656881235e-50
8.62782582401749516e-50
6.63753342433161714e-05
7.41715182596348362e-50
3.22665108657541110e-05
8.06470472073747879e-06
1.95407988852480118e-50
2.00698846801492322e-50
1.79993701402775886e-50
2.01740829081216136e-50
2.04324207464006910e-50
1.94592216922994344e-50
2.08116157673787950e-50
1.71993693867418642e-50
4.69782146337475594e-06
1.54899451028634697e-05
9.82330133842491536e-51
3.22082874928820336e-05
8.65957805240848249e-51
1.02769024297481267e-50
1.01947981121439183e-50
9.72363975053465045e-51
1.78078125148973106e-05
3.07500745009678613e-06
2.04342128317480616e-50
2.31657811165987695e-50
2.25353096855076276e-50
2.38903886222956254e-50
3.16503255624044381e-05
1.35898058544720736e-05
2.33253611264756474e-50
2.26733693550053143e-50
2.45858594084903585e-50
1.98423417959374114e-50
8.13369316994293835e-50
9.22324356586482417e-50
9.02914998274912175e-50
3.53647679854922701e-06
8.13054106815152409e-50
1.43471523864885342e-05
5.83105842850012231e-05
3.71677849956407948e-05
7.60082867965081151e-06
7.96366613007267952e-50
7.46958744554331034e-07
9.97159891517044774e-51
1.83703411607754145e-06
1.02225585919874548e-50
1.30950545183462016e-05
6.82866406963252340e-05
1.00423437492921082e-50
1.12111097059261145e-05
1.03879882223558924e-50
8.50783680199348182e-51
1.57839284818972619e-50
1.76816545797446782e-50
1.70451578220870391e-50
1.77809776257869998e-50
1.53952495416711429e-50
2.02694813310241462e-05
1.74697585723980391e-50
9.62068351389492270e-05
2.22598909859969789e-05
6.26561129639601256e-06
1.14800211475414689e-50
1.33030794569607704e-50
1.25686760266639610e-50
1.31854299608613898e-50
1.15613478483866172e-50
7.82515601580580813e-06
1.27272177392740878e-50
4.37474622416040630e-05
4.05621138226114065e-05
1.11722788847055721e-50
1.43770665195559971e-50
8.43201985418466857e-06
4.61654395127091211e-06
1.67590683503366944e-50
1.43416958000432182e-50
1.62850752180676060e-50
6.21548312501347684e-06
1.88381373744617358e-05
1.77108206776498581e-50
2.06595764475773378e-05
3.04973778929430121e-50
5.27105644440443489e-05
3.33772882747089943e-50
3.40953787534486644e-50
2.73771338525071581e-50
3.22250052555983341e-50
3.40271408043331853e-50
3.02493789648418132e-50
3.50816404649721906e-50
2.70682064812268781e-50
2.86012081135154088e-50
3.22895545525226992e-05
3.21134410402715691e-50
3.37535270920548712e-50
2.96092708781640470e-50
3.35429373796318575e-50
8.07848096573847478e-06
3.21329208110385127e-50
3.47937700713056462e-50
2.81717566778536905e-50
1.62239461984446428e-49
1.90111114439768290e-49
2.19934675938216754e-05
1.94285602816907743e-49
2.49622838276499637e-05
2.00421874675149051e-49
2.00944117996587177e-49
1.87180703405289925e-49
2.10719702051990699e-05
6.24493688754909313e-06
5.01491253730873938e-07
5.99397397889451673e-05
8.98214955636942095e-51
9.59121182892468746e-51
8.25986504955300858e-51
9.58348676142852525e-51
9.31931950977919298e-51
3.61459117882305266e-06
9.79963624751557142e-51
7.96361459012539888e-51
2.01744916123278511e-49
2.31453815820150300e-49
2.28322838595442515e-49
2.38111331958131856e-49
2.04540556984243526e-49
1.94193033021756772e-05
2.38825683453988376e-49
9.50538745559217132e-05
2.43956800010404295e-49
1.97577322615280842e-49
5.33562101504747651e-50
6.12238094606401563e-50
5.93020116277945177e-50
6.24612022563904373e-50
2.74143139924468185e-05
5.85826873453158222e-50
6.00120119732462577e-50
4.18557081549904021e-05
6.33455612805561581e-50
5.17404745600064088e-50
8.95472855279244539e-50
2.07397932722735114e-05
9.87008211500531565e-50
1.05294406074898894e-49
9.15806086197638597e-50
9.92017500522525625e-50
1.01837345159534199e-49
8.81448271337962171e-05
4.76413366127310633e-05
8.70386228415659971e-50
5.68503580551806347e-51
5.40562421279118692e-05
6.10964748299403644e-51
2.52643524595240207e-06
5.68299833068282361e-51
6.34008660540053830e-51
6.28204762411424312e-51
5.99064774937315146e-51
6.56834677221355445e-51
5.32735593620153834e-51
1.64182034347089349e-50
1.84861076642327781e-50
1.80082762979980011e-50
1.89005982715904399e-50
1.64145816646366302e-50
2.97161098016652218e-05
1.85436725826727687e-50
4.15099964476313082e-05
1.92854890827887642e-50
1.58188593344334747e-50
4.26649907609102845e-50
4.84059851642929004e-50
4.74120536196519722e-50
1.95264681698462666e-05
1.24968975972600673e-05
4.99210677299867439e-50
4.93544070928909185e-50
4.67719182358222454e-50
2.96153483555299794e-06
2.40138579077823430e-05
3.76915928705856757e-05
6.87385061747392267e-05
9.62255600228539735e-50
9.79220839014434229e-50
8.77485123698606218e-50
9.60119815189760495e-50
9.62628303188060829e-50
9.38782007964181710e-50
9.63801567426249568e-50
8.24288695672642793e-50
1.99672595316185068e-50
2.21155791746273766e-50
2.19245917542558220e-50
1.02190676712009775e-05
2.19680958870028297e-50
1.22753263347603231e-05
2.26825629414243256e-50
2.14749894215784888e-50
2.69693954592409194e-50
2.19596168372434120e-50
1.70828982957987756e-05
5.01272465447494165e-50
4.82753547066712438e-50
1.36357998643047246e-05
4.34035867862774738e-50
4.99059645015280673e-50
4.92265920347225579e-50
4.57651109582354178e-50
2.35073480099397816e-05
9.76759722026379227e-06
1.70082767681030373e-50
2.13410917510781548e-05
3.93917396745005616e-06
1.76128134786832084e-05
1.72486880203694331e-50
1.90604344596876167e-50
2.64826590973853474e-05
1.81737083847359602e-50
2.02146429569473940e-50
1.62032233660373918e-50
2.83796885546747251e-49
3.27471861305242193e-49
4.97071161659196607e-05
3.30761107016450880e-49
2.64781242478267816e-49
3.95282115977016999e-05
3.36067910240850115e-49
2.76349450157660867e-49
3.36704712540627538e-49
2.71660463456766360e-49
1.07534988840076776e-50
1.21258316828090924e-50
2.81814632359978768e-05
1.25675592850783359e-50
3.44726072921636881e-06
8.98709546725713874e-07
3.95353589970759496e-05
1.65550704576361920e-05
5.82490396292096073e-09
4.31166188006694392e-06
6.99124050785885633e-51
7.79336197714285640e-51
7.66588895614733940e-51
8.10980997822319008e-51
7.01817942692550560e-51
7.31849977088823580e-05
3.26509760444584349e-06
1.49548660804041045e-05
8.19339915344681835e-51
6.66369755249167793e-51
1.89182893129176011e-50
1.04182176530990749e-05
2.06384871643148836e-50
2.17977219097925841e-50
1.94879689362247310e-50
2.12507378407272922e-50
5.67944196343054115e-05
1.20043533404030237e-05
2.23833057228399874e-50
1.80399722016837065e-50
4.48211352523590765e-06
3.48546623900634287e-05
6.31706570481090884e-06
8.62886167317677818e-06
3.50497387789181535e-50
3.72208541223002924e-50
3.71174582953045339e-50
3.48126704382099378e-50
1.81033124344830527e-05
3.12887303140950469e-50
3.27841357097820278e-50
3.68689094157012038e-50
1.65484435978703826e-05
2.36709959022866823e-05
1.78769222794095742e-05
3.71230606123472239e-50
7.11956889804951588e-06
3.59831581568593785e-50
2.44322899799043796e-05
1.40149906899895590e-05
2.24464818829222956e-50
2.57050087247669617e-50
2.45532981173569720e-50
2.61124057052559563e-50
2.18298264378864016e-50
1.95846720472055213e-05
2.50066096518980335e-50
4.53678885558728699e-05
2.67588548161687965e-50
2.16955075044767333e-50
1.22548426392846622e-50
4.31827755910023457e-05
1.35470579453897817e-50
6.69730312497712972e-06
1.19919373484108479e-50
1.59551322332597387e-06
1.41288692919382520e-50
9.45353697392448349e-06
1.47282331863025642e-50
2.00153402228857288e-06
5.65360489397102773e-50
6.43441921405555304e-50
5.95392128062301711e-50
6.47966061958767496e-50
5.72790040693905062e-50
4.19031132516529712e-05
6.40176683000785994e-50
3.25308734291221682e-05
8.78748767680867412e-06
5.37537298765301438e-50
2.72361476366917629e-06
1.58688987736210290e-50
1.54940761715278991e-50
1.62334147894057483e-50
2.75282895395388135e-05
3.38496177417295759e-05
1.57634499737476652e-50
8.30859485189966547e-06
1.66035321300780767e-50
1.35237594548285838e-50
7.06801459409927832e-06
2.56225874735321255e-50
3.54396786691648632e-05
2.64833849769734726e-50
2.30603533608074250e-50
1.71151416849089678e-05
2.60453555226916108e-05
2.51302587625325035e-50
1.07143996483832814e-05
2.20558704703050405e-50
5.43864300138263192e-50
6.13583804815947719e-50
6.08378057792978573e-50
6.40427883992858683e-50
5.46333487973085594e-50
6.23111670966553223e-50
6.20994451331145637e-50
5.92002264053150135e-06
7.31596756126982553e-05
5.29515878264719302e-50
2.36889443675677609e-50
7.45358032598655598e-06
2.63783978430595205e-50
2.04765515539427143e-05
2.35637454447246802e-05
3.34602092722759489e-05
3.45043106147556321e-06
2.63350144789143587e-50
2.98716740699792593e-50
2.29495010729170266e-50
9.35915424988251409e-51
1.05976633242521143e-50
1.74285955097025816e-05
1.08904295884923896e-50
5.30669497936042104e-06
2.04402043404807213e-05
1.10158594148314893e-50
2.85869720243018692e-05
1.09362983600593746e-50
8.94850543229986928e-51
7.25765790435270323e-50
8.15881794210919815e-50
8.00625625498684994e-50
8.52582962701539016e-50
8.07991423753108920e-05
8.36109279343342008e-50
8.32027092744405471e-50
2.72509012302706430e-05
8.43813657270273184e-50
7.03241134383278260e-50
9.58301976227893730e-50
1.09177151096300042e-49
3.32418914182325869e-05
1.11574906547811996e-49
4.44612582019792880e-05
1.17366608415005979e-49
1.09843087958879122e-49
1.07888147954158963e-49
1.16216982654824545e-49
9.58803022002351549e-50
9.79330749616296584e-51
1.11971106772367832e-50
1.09585052114577498e-50
1.16145411643850174e-50
9.91566094206288316e-51
1.10829004406558847e-50
8.00145529139528191e-05
1.07277144762271993e-50
1.16371104474524197e-50
3.70637887302594389e-06
6.41520462635966411e-51
5.90505268157103170e-06
7.31773284476719808e-51
3.57729043715618056e-05
6.74104128905334540e-51
7.57885643304337871e-51
7.76040362459322421e-51
6.58510758085326269e-06
6.32559711969911079e-06
6.43050719184331440e-51
3.46235948592680691e-05
6.95988475457514288e-50
6.85975662158564960e-50
7.11665912626746004e-50
6.05477990147753108e-50
7.21962535135612315e-50
7.00001665978753188e-50
3.42574725358351281e-05
7.31551547537263010e-50
5.94285799315705874e-50
1.55305095904796640e-50
1.74283058518598306e-50
3.30529196129690348e-05
1.79092828504486551e-50
1.56954976877947748e-50
1.75183105416396040e-50
1.75841394431638037e-50
6.10096188409482847e-05
1.88107136431177696e-05
1.49848396708056327e-50
5.03700021013111551e-51
5.86451638280061537e-51
5.64300474110645595e-51
1.61662405817410882e-06
1.21613052902574847e-05
5.71964417126422041e-05
5.79235870165069300e-51
5.52040774926057397e-51
6.12826258907719996e-51
4.98351900149928304e-51
