4.42781569699733333e-50
4.99162042853537380e-50
4.93882685538183014e-50
4.99432799421603245e-50
8.71274416259790261e-05
3.09797939848361194e-05
4.85012819309160732e-50
1.10134338015704253e-04
1.25414029461618680e-04
4.57480408957287757e-50
1.71715494502287627e-05
2.91269562190413145e-05
2.69127063637886573e-05
9.47090794674616137e-05
9.80339119292496312e-05
5.06883749915483652e-05
6.28848107104156186e-05
4.76127411266577682e-50
1.17984391333348888e-05
5.07169689712840526e-06
2.84856252032089298e-49
3.24968322643518832e-49
3.16451500137341114e-49
5.35683623545406796e-05
1.40235386387832755e-04
3.22191062022951395e-49
3.12226457264718456e-49
2.02519557904348211e-05
3.22410993059556187e-49
2.94972515943263304e-49
1.25948022557814958e-48
1.44203486395078649e-48
6.68002389538708207e-05
1.44470839706738377e-48
1.35334301279967014e-04
2.14866196047646788e-49
1.72168849006108146e-48
2.83859298106425904e-05
1.62696203147281862e-48
1.50777022791882921e-48
3.27403634431899381e-49
3.58860114164792342e-05
1.96672114006973590e-05
3.72421123970183472e-49
6.97226414895522271e-05
1.05727784927624043e-05
9.80215526010693166e-05
1.31107626764596982e-49
6.33303401345880213e-05
3.55079469523782944e-49
5.27063952134781295e-49
6.03227766554328036e-49
6.15320865329068697e-49
5.99496463985254471e-49
6.37749625317111306e-05
3.88606877675458135e-05
9.53787078935147285e-05
6.39222135465804318e-05
6.16335910887416373e-49
5.78277912479870614e-49
4.21191969608804067e-05
1.89271774285260693e-49
1.92326462960708746e-49
1.43422334195113576e-49
1.46959526446363155e-49
1.70745605942456955e-49
1.49775246803389800e-49
1.43658669154993165e-49
7.45721072788722381e-06
6.85430876709097682e-05
1.54989669872052248e-48
1.75488923072588001e-48
3.24471011969836617e-49
1.77644160484759674e-48
1.76640194225795573e-48
2.05533029610044586e-48
2.02615978789527426e-48
3.83624570038603101e-06
2.30462525541408260e-04
1.75003023489759878e-48
1.94730595762834459e-05
3.00695531600741522e-05
3.33943504527098030e-50
8.44655542361230047e-05
8.65852415585793308e-05
6.92035169629970691e-10
4.29471201825705137e-05
3.30456291493182704e-50
2.88144821342352784e-05
1.86815226451039086e-05
2.17784837109309928e-49
2.44647944155705232e-49
2.26696641463943911e-49
2.26922580292359475e-49
1.26516286100006228e-04
2.34669027021120635e-49
2.28075881644500453e-49
1.98933259586008167e-05
2.29661201328287363e-49
2.17188367430631132e-49
7.29605800170844321e-49
8.09922463123847497e-49
5.99844032007594354e-05
7.97220432541827339e-49
1.01739578061581301e-48
4.17499610727483039e-05
9.29522916948536061e-49
1.16944091820399032e-04
1.01064969017768760e-05
7.85061450347449277e-49
1.53471079177239792e-05
1.48537463234951582e-04
9.48843096816019401e-50
4.31251046319924128e-05
9.13491329393554516e-50
5.49058218269196310e-05
1.71196857518064815e-05
1.18176717807378859e-04
2.09817294847151144e-05
8.92572126932686042e-50
2.43048559497377289e-49
3.24442661574160939e-49
3.24936932724568516e-49
3.13885817096056159e-49
2.61396933045182013e-05
3.28859486495133895e-05
3.42341237013273082e-49
5.48137937478627375e-05
3.28293369880078292e-49
3.07662468432251784e-49
1.44400500676268827e-49
1.61689796065083389e-49
7.27187512685882912e-05
1.62685070959559228e-49
1.56455479152424868e-49
1.64956402147791200e-49
1.58594141158343741e-49
1.60704387952997571e-49
1.83124877000502144e-04
1.49432472447013869e-49
9.85674785451493352e-06
1.12904364483532579e-49
1.05823843118720408e-49
8.82120756840683947e-50
1.21941774884361200e-49
2.10070896006586600e-05
9.57948217232185699e-50
3.00331743488323128e-05
1.00307734632379322e-49
1.09239523703531237e-49
1.58375388824567970e-48
1.81057752627761490e-48
2.07390766889241853e-48
3.06876332497558885e-05
1.74047097670945600e-48
2.04976392881574040e-48
2.14391819026672074e-48
5.10124366433898128e-05
1.08699000024422790e-04
1.92363530930330369e-48
8.70189165755513091e-51
1.50454208308068446e-04
1.37770723071555570e-05
2.12632569489559913e-05
1.50714514680003428e-06
2.41020414311718247e-05
8.73569915711624404e-05
9.53747309171476786e-51
9.26284981302147888e-06
3.24107563950282393e-05
1.22288322138876282e-49
1.04639290117011292e-04
1.36338574460676961e-49
1.38166761393752935e-49
1.28822512878093927e-49
1.38879379407036685e-49
1.35162711159832864e-49
7.64553641369353931e-05
1.37497002304440979e-49
1.28126929187028385e-49
4.20862059646013640e-50
1.35486830513246296e-05
4.57197037516382535e-50
4.66532195909092772e-50
4.48306741413807873e-50
4.69410904968108195e-50
4.54156697997443866e-50
2.31383736140989139e-04
9.14370856188426352e-05
4.32158482990549701e-50
3.28958656722611143e-50
3.73347697566860725e-50
1.77044976085902399e-05
4.35890957393525121e-06
1.80239495627480931e-05
1.84576497730657731e-04
3.56868685160777348e-50
6.23999121452068292e-05
3.66827999749683866e-50
3.35127631512704946e-50
2.53123282838876444e-49
1.77096876374101936e-04
2.83807747146987800e-49
1.06947980340703545e-04
5.18783962335245884e-05
6.01293364582096952e-05
2.76847269897296908e-49
2.76851285008252567e-49
2.83328273143381932e-49
2.62673737094409477e-49
1.26291332594570846e-48
3.78937643272840160e-50
1.52415361153956874e-48
1.47379437320388098e-48
2.00858315111095983e-04
4.36774708514869111e-49
1.56008953261546502e-48
1.46672540402258572e-48
1.52940352846498944e-48
1.43457986952651555e-48
8.82043899029053973e-05
1.61023031226042298e-49
1.52820366575937368e-49
1.57929109234933983e-49
5.93214539202492920e-05
1.57008018037861366e-49
1.51250398383506871e-49
1.49463087358665807e-49
1.59061637557043186e-49
9.12346404860839158e-05
1.16558609544154277e-04
1.51030581497509036e-49
1.42510789572322697e-49
2.81091997866321992e-05
1.39527401506976759e-49
1.54037894053637584e-49
7.11730711926044691e-05
3.71187950941788023e-05
1.42975219309957730e-49
4.91887883259476763e-05
1.55705389461010310e-49
1.77277813690140457e-49
1.72073469311381949e-49
1.74109061256791573e-49
1.12670962421592498e-04
7.54905950647778050e-05
1.70884187158504097e-49
6.21039279699782284e-05
1.78492944223903812e-49
1.60851940406219605e-49
6.62475011145807573e-05
3.60267175388631501e-49
3.52299243515027822e-49
3.54084052316991966e-49
3.33829799833607572e-49
3.61373458765450056e-49
3.52082026684998798e-49
1.23986279386609986e-04
1.73610269747777432e-04
3.30984059557034196e-49
4.54725527654234590e-49
7.59303946319009690e-05
5.25321100354372378e-49
5.27450570580974508e-49
4.87576672013609806e-49
5.33564180114877881e-49
5.27725924268030146e-49
8.98876542388894653e-05
5.32103633622483473e-49
2.10587298527492421e-05
1.49247419190801792e-50
1.20004166969272486e-04
1.61558963334530762e-50
1.69918105573893097e-50
5.03382489156050517e-05
1.61326210624421251e-50
1.63838429343595000e-50
1.60317758036433427e-50
1.64050144834958929e-50
1.52116254170480728e-50
2.41274991514049822e-50
2.75237907795828729e-50
5.82560519715347377e-06
2.69669631757631497e-50
2.47863186537817892e-50
1.71437990740643475e-04
3.18226338766861879e-05
2.01578907054094941e-05
2.69554818306648547e-50
4.54258470720000535e-05
2.00695918058222300e-05
1.14054856460256803e-04
1.56736993187468182e-49
3.00617783032906641e-05
1.52543862089473267e-49
1.70560786836992960e-49
1.56302802022211789e-49
1.68116169302168717e-49
1.59879727910722851e-49
1.46849732490845252e-49
3.16131316688951969e-50
1.02261397968158200e-05
3.61794853404277955e-50
3.73429125462632604e-50
5.58938772496689386e-05
3.93316489100140453e-50
3.51121393331891755e-50
3.61099942197194186e-50
3.80261348108509983e-50
4.90435664883636215e-05
7.78864799480157742e-50
9.73886599904229741e-50
8.78933996780564197e-50
2.72077371800364920e-05
9.05073773746024422e-50
9.41160388264622014e-50
8.09678614574854504e-05
1.71870132889911165e-05
9.43588599464044330e-50
8.46313189123662548e-50
7.17398442889624966e-50
9.86074819040026541e-06
8.20458865291970329e-50
7.94142693730790121e-50
7.65646961491020658e-50
8.18486064955249991e-50
7.86699648453767056e-50
7.83681627535546500e-50
1.20999795738999268e-04
7.18369150815854547e-50
1.83448077459557265e-05
4.38911477380618189e-05
3.86363700438760385e-50
3.99174430486171844e-50
3.81465612738037131e-50
3.98086751833007186e-50
3.87733252071671509e-50
3.85624251590723586e-50
3.96488629986469927e-50
1.56519578250085059e-04
5.17716093318528795e-51
4.94889451776507098e-05
5.65257905156398033e-51
4.07038539013153042e-06
3.96553817402377876e-05
5.81854292898632847e-51
1.82869834127798158e-05
5.89659512549839631e-06
2.18245967950351939e-06
1.60304857140158711e-04
1.25621832842211749e-04
2.22046634619651914e-50
1.26822270766947288e-04
1.26145983870780927e-05
2.05928770477419042e-50
2.18036330686202137e-50
2.12203754385188643e-50
3.87549033105116182e-06
1.06600597255544594e-05
2.02631209342585841e-50
6.34192383845368097e-50
6.95413346078781153e-50
4.72689787247943200e-05
7.09313253399296354e-50
3.79092167458361219e-05
1.15672992087478534e-04
6.77502000347751799e-50
2.36908121686799840e-05
6.91605579455069774e-50
6.40634349268040724e-50
3.91057570692264236e-49
2.08173380073203867e-04
4.22856204554184369e-49
6.28295203801030130e-05
3.98687887306000889e-49
4.38351365435158754e-49
4.18210045002934262e-49
2.78439996018160953e-49
4.30575261453457266e-49
3.70837867410132898e-05
2.07673814846127451e-05
1.59668359677726422e-05
4.11115327394867122e-50
4.21113401785139627e-50
2.65852462208692654e-05
2.07503359947101146e-04
4.08633410433990907e-50
4.82088122150729997e-05
6.17128562385185060e-06
3.86875656658189967e-50
5.03272006829758874e-05
3.90823232020222772e-05
8.22112758512808395e-05
2.08366134332317470e-05
7.22471809127821555e-50
5.14475896628971410e-05
3.33224814243414155e-05
7.56218447697136340e-50
8.03238087000668154e-05
1.53587420238200614e-05
2.39360209279896645e-49
2.72127095135547881e-49
7.58785630232968426e-05
2.67903640332856038e-49
2.54735008526467204e-49
1.47189595279545183e-04
2.61599331585434703e-49
3.92450542278547653e-05
2.70351600301304799e-49
2.48474984826342437e-49
5.71092234869547977e-05
1.95985514925915718e-49
1.93608754227888404e-49
1.95063269052807194e-49
2.88413966414060673e-05
8.40755421101485031e-05
4.62506786269576438e-06
1.33576817096215609e-04
1.97595062923686283e-49
2.56728006177773078e-06
1.83471535744418985e-50
2.05401967954019614e-50
1.98699442628189568e-50
5.81550969267824382e-05
6.26461146448486050e-06
2.03974707360233578e-07
3.23995981335331535e-06
4.36108104831842323e-05
2.37929926048104985e-04
1.86850561247777711e-50
1.75716641939349778e-49
7.75605403339401910e-34
1.89351396402406431e-49
4.10148436851069903e-05
1.83511724351853307e-49
1.96934955844764520e-49
1.90372643965077360e-49
7.70416775123797048e-05
2.31749712536016118e-04
1.80811721556295686e-49
2.53796548161484695e-06
1.08000818685941240e-50
1.03966452544074708e-50
1.06450146673724384e-50
1.77177852480953410e-04
1.06174335509700691e-50
1.03277661136067275e-50
1.03409900981997273e-50
1.06439103285428087e-50
9.79751266252028334e-51
1.96089846544676581e-05
4.05841487805741997e-49
4.97948888060105542e-49
1.36355099340185110e-05
2.18446311456296418e-05
4.84471407252213694e-49
5.98294215367050706e-05
4.45901838536413127e-49
4.95922942276001962e-49
4.06777940582575878e-49
1.10594236930459884e-49
1.25247747575468947e-49
1.22474666235069824e-49
1.24743613243582621e-49
9.23729409949348751e-05
1.23938612839938215e-49
3.07070160265685501e-05
1.57662117806277980e-04
1.16806442707728488e-04
1.13735537733287360e-49
1.23647616429078724e-49
5.90655834243097294e-05
1.56550038282710996e-04
1.39022479773787164e-49
1.31518419607293107e-49
8.14067338662299779e-05
1.35855407173461008e-49
1.34891497878626111e-49
6.86712702136993777e-06
3.12044460962691177e-05
2.54814254447742924e-06
1.53568232256407965e-05
2.91400218621645261e-50
2.98080174760059934e-50
5.60658085557243403e-05
1.92040248961357427e-04
2.89143050689422144e-50
1.32283758128057064e-05
2.96862874869576539e-50
2.76766223730645981e-05
1.11363714539529772e-49
1.26497645099268938e-49
1.31148506992902778e-04
1.25096474276044029e-49
7.84242544503196401e-05
8.74664392754370760e-05
6.61760197066667706e-05
1.22236966041399136e-49
1.26334184884890357e-49
1.15141813608599314e-49
