3.31510671148967072e-06
1.03472578722916788e-05
6.15238588836675198e-50
4.19030987493574411e-05
5.33436718075137103e-50
1.17503742797643428e-05
6.24641061359509493e-50
6.18210421740837446e-50
1.17576689505529909e-05
5.74684831348775481e-50
4.70889009866692696e-07
2.39377263501624850e-50
2.33267446389464761e-50
2.48422215240784408e-50
2.96006826653352797e-05
7.65231188612201004e-05
6.60131710487327319e-06
2.93332058222381610e-05
2.96680311795727121e-06
2.13879392040051055e-50
1.14088944177254756e-49
1.30966647564819804e-49
1.27784592370402657e-49
1.36180933349002524e-49
5.33260682231274892e-05
1.34865464506634202e-49
1.93279978749436997e-05
2.22297387302817973e-05
1.42291767322111190e-49
1.16779768081260247e-49
1.69615969021337286e-50
1.75916854749507159e-50
1.79021204848438934e-50
1.87929278507859356e-50
2.40456805027689740e-50
1.86197250465887263e-50
1.80796187216002662e-50
3.78650833066024789e-05
1.94545489308918622e-06
1.51390474248393670e-50
3.55873202400635534e-50
4.03204625885177207e-50
3.91825208337855512e-50
4.03831882234415382e-50
3.52350297418815829e-50
4.13457909799189802e-50
3.98211722895518395e-50
8.97426718497088645e-05
4.22468852267267053e-50
3.61136357148208019e-50
3.32687600923829665e-50
3.75433518334569117e-50
3.68382548292877133e-50
3.86408983419640516e-50
3.27266723671736995e-50
6.90128323362074974e-06
3.68154779960702935e-50
2.37337479282967238e-05
1.00293284345458071e-05
3.39824417177793603e-50
6.86431713495304216e-50
3.96197569980116329e-05
7.64949694013778359e-50
8.01475461879406080e-50
5.81548036238316299e-05
7.69101659162011569e-50
7.71722971534894453e-50
7.44168959900340158e-50
9.52789800538047657e-50
6.87410140757428401e-50
3.77846683869590483e-50
8.07733677520159536e-06
4.32334744633625333e-50
4.55847287150386845e-50
3.69377959491139458e-50
1.32252317603120305e-06
4.35674648337260584e-50
3.93888057788597375e-50
4.44235889240828724e-50
5.15266146905967977e-05
2.54254936399601400e-06
1.74666638273219825e-50
1.83269737735842175e-50
9.06399361449970188e-06
3.30080564649835404e-05
1.30231961305385870e-05
1.74376338447249056e-50
2.23515489576442073e-05
1.90858194955318745e-50
1.27169452259377478e-05
1.53783683799906917e-50
1.71458010452983664e-50
5.03506729677526477e-05
3.03360560211043515e-06
1.56358992949590960e-50
1.77498718929355604e-50
1.50414403651923437e-05
3.16029132558963419e-05
4.32252931737147483e-06
1.54902699262792836e-50
3.85135947396287632e-05
2.05604475047477455e-05
1.19770090689160348e-50
1.30915459901190246e-50
1.24549854954417130e-05
1.79269191598294705e-05
1.20776849227077868e-50
1.21198617609025837e-50
1.32646414935403846e-50
1.10049983060783075e-50
2.12974022929618765e-50
2.39747857022310218e-50
2.40905488921908214e-50
7.78510467739983679e-05
2.13743467509367579e-50
2.39996770232381370e-50
3.38885189514051349e-05
1.19902319077788305e-05
2.58116811839999145e-50
2.14121895230105982e-50
1.01621324754566378e-50
1.10134729844378776e-50
4.94638116031358299e-05
7.87331217402693478e-06
9.86816786197574228e-51
3.33822804361202688e-05
5.50360636178812161e-06
2.73112133438204498e-06
1.43141836185713437e-15
1.89851767361894976e-05
1.85431315912721195e-49
3.80653089319948088e-05
2.21958601706189809e-49
2.22867312425711759e-49
3.66153401062629710e-05
2.29788169112269451e-49
2.28350566044811237e-49
2.20762434782930244e-49
2.69374271368435304e-05
1.98966257887919943e-49
3.25093942722989316e-50
3.57236907321959867e-50
3.45147934032959014e-50
3.60150737013704236e-50
3.27997852492865515e-50
3.68836684314650690e-50
3.50088695827462688e-50
1.15605394245249404e-04
3.78994289415675223e-50
3.08780952252129006e-50
9.61869446334242876e-50
1.14177304474000860e-49
1.15117060399610070e-49
1.13141264425625956e-49
1.02403275652099052e-49
3.63258051064672141e-05
1.16154181190033587e-49
1.60596539849364056e-05
1.23665627379009902e-49
1.04370418947193014e-49
1.19575747941908417e-49
4.67170128965721092e-05
1.33150838574068814e-49
1.38478674646791331e-49
1.19051261704939050e-49
1.37651204868325576e-49
1.33533039856272964e-49
9.63091759059566055e-05
1.45736366021574283e-49
1.38146447023366418e-05
3.89668506217776990e-50
5.94799148863287347e-06
4.30581162407608903e-50
4.56272192863005386e-50
3.78241707677821889e-50
4.59818043746486340e-05
4.34134127888960832e-50
1.22885212325060894e-04
4.70204820617112754e-50
3.90916726376002524e-50
3.12531967558571767e-51
8.47427449271039692e-06
3.44600603074830342e-51
3.65432438375325757e-51
7.21551114396311397e-05
3.66574787342120733e-51
3.47973892070922459e-51
3.43927930012825361e-51
3.79596762627267612e-51
6.48015245245953692e-20
2.02744932984356361e-50
4.93966229522433103e-05
2.12686121809239600e-50
3.27933209478544570e-05
2.87591361506242223e-05
1.07318653004764260e-05
2.15092921329471663e-50
8.29665183192525380e-32
9.36734261714707625e-06
1.93419082816863415e-50
1.09818818179595313e-49
1.32860321438700477e-49
1.26827178474813394e-49
1.25928384983316270e-49
7.17253448735955511e-05
1.63128072428429183e-49
1.23819279411673220e-49
1.95558495203264305e-49
1.34190399678579872e-49
1.10888406639317844e-49
7.83967155752233554e-50
1.16611528880375637e-04
8.78512632379288055e-50
9.02869507397776221e-50
7.80941422373623889e-50
9.21337287455841741e-50
8.85660030942641456e-50
1.65429213637712126e-05
9.49199070819430560e-50
7.96109110939165614e-50
2.97931890209860107e-50
3.23349751231964748e-50
3.27752997877396930e-50
3.44166728314201809e-50
2.91089959294296150e-50
1.89227412759492326e-05
3.27482453895344485e-50
7.24512938078885829e-05
7.06949368664376706e-06
2.35888974071814082e-06
1.15183977056976800e-49
3.11062562777043565e-05
1.33159749535294038e-49
6.80318392439768305e-05
1.15810575169233130e-49
1.35483053475961537e-49
1.30916706180619898e-49
8.07744071925694537e-05
1.70277924066425961e-05
1.17522379425513463e-49
3.99745049919861339e-50
4.46292204715342573e-50
4.42628401777685863e-50
2.30228416437170147e-06
4.41595632877297064e-06
4.50863154737019610e-50
1.94825884759594142e-06
9.91897330693523882e-05
4.81416423206520315e-50
4.16446325033617980e-50
1.98654539478380092e-50
2.18500884079201151e-50
2.20596821148610183e-50
2.26818218872737463e-50
1.93734509186826532e-50
2.57784605524050221e-50
2.29209119826587817e-50
4.44776316420248217e-06
2.34271182391291368e-50
1.13896836719826659e-05
1.73194109747810871e-05
1.14367444619136155e-49
1.16837541175301183e-49
1.19026866243059750e-49
4.65557783702467466e-05
1.18671765606469697e-49
2.51676593397818940e-05
1.13504521930920296e-49
1.24618123440895289e-49
1.04387706939283719e-49
7.58871466958055632e-51
6.04692582483842318e-05
1.09104755642867764e-05
2.24756657439860765e-05
9.99773347467454273e-09
2.98873348248958333e-05
2.37207213115015253e-05
5.16837477296767808e-07
2.47769251636226071e-06
4.11643294459101741e-06
2.22848477705659795e-49
2.54292685498767865e-49
2.49714987859335908e-49
2.59117671568087095e-49
2.22065867330783683e-49
6.16305209040443635e-05
2.51001118501837685e-49
9.96126645785908293e-05
2.75098048830577073e-49
2.26505455960942276e-49
1.98285428301595555e-50
8.72006581868094491e-05
2.18193960271267100e-50
1.12307369869988594e-05
1.92769935824006184e-50
2.25625791419363013e-50
2.19684718474691218e-50
2.08852413779308370e-50
2.30456182365298017e-50
1.97155245745502047e-50
9.68246333599995175e-05
7.85244994339344171e-06
1.20846578352026133e-50
1.25720668964484908e-50
1.09779800273524275e-50
1.24170598960699219e-50
1.20771966344900558e-50
1.91097526267916381e-05
1.33042287007046622e-50
1.08990371304517879e-50
7.36564688401448071e-50
8.20475769112811040e-50
8.16014435863095927e-50
8.45985341609221853e-50
7.74421022158281222e-50
1.04192288891592148e-04
8.19387077039649825e-50
8.11622872336994509e-50
8.88445608345051800e-50
7.40431536146361826e-50
3.53628243578782332e-50
4.03860345642220845e-50
8.26997955284682030e-06
4.12868924218492869e-50
3.55543664508230316e-50
3.98514372275943198e-50
3.89605648175990150e-50
6.90260039863433594e-05
6.84937032197044149e-05
3.53960862371748200e-50
1.06595753454013976e-49
1.22125498598151703e-49
1.95288260360910570e-05
1.24961595417571737e-49
2.90045772207129985e-05
1.29673405703386575e-49
5.95012482906876164e-05
2.30197917590943778e-05
1.32032424980535305e-49
1.10015727956469985e-49
2.74258254721039615e-50
1.63248641098965432e-05
3.02067276076849916e-50
3.16920756154414074e-50
2.77555181151936329e-50
3.15427694051458089e-50
3.02722495150971175e-50
9.15955320035423951e-05
3.26963953302915604e-50
2.03615037766914287e-06
5.99846660650741176e-51
6.61885483941306319e-51
6.56920130935106619e-51
3.96946174401978076e-06
8.49686219971230951e-05
1.14866630739644976e-05
2.68934855086875591e-06
6.45551661304279383e-51
7.09208688935721393e-51
5.80699934532229580e-51
2.26916937545997984e-50
4.16781310460184612e-05
1.60658237561954840e-06
4.24004963589344778e-05
2.16257643372416410e-50
2.52898357926717123e-50
2.42323823032426116e-50
2.38460357975673741e-50
2.54517758383082260e-50
2.17443692960503503e-50
1.61540080513540155e-49
2.41697919124138812e-05
1.94011448150275223e-49
1.94746262850595610e-49
1.62779785641817235e-49
1.99560191039776659e-49
1.99526638260095966e-49
3.43911565313571882e-05
4.63819543629672297e-05
1.74771952339458641e-49
2.65377035414172794e-50
2.10606558184670695e-05
6.79666887767112215e-06
1.48626015535213198e-05
1.48785476617830573e-05
8.52602484211003751e-05
1.25789093309853752e-05
2.92070607759603636e-50
1.03030591213190069e-05
2.65901499907206617e-50
5.93128352154160786e-50
6.81026523276853065e-50
6.45392626581479756e-50
6.72809036596532149e-50
7.45032642527891805e-05
7.03065452966567679e-50
6.56929522309124646e-50
6.56790756820258989e-50
7.14242384071582975e-50
5.87470528851050690e-50
8.51424901723364046e-06
1.73126393038346019e-05
4.66604901797198102e-50
4.67460597225051711e-50
5.06286484849063269e-50
4.93144156881808694e-50
4.83053783800404848e-50
4.57562032622983719e-50
5.00761520828182120e-50
4.16413085704450480e-50
6.47393884180322182e-50
1.77317040988746261e-05
2.02731946746909155e-05
7.92066725179133730e-50
6.49141938137851375e-50
7.41954929241900737e-50
2.95605084210726493e-05
6.35727944059028563e-05
7.93479792425742996e-50
6.50244508730007503e-50
2.80369498921109403e-06
6.99791221366803826e-51
3.92908178104229566e-05
1.47569297097177954e-05
5.77024323307090582e-05
2.86742363169008761e-06
4.78775531649132848e-44
6.90158769786113992e-51
9.05343667526313286e-07
6.30143252660695486e-51
3.36039558804591840e-51
2.52429227324141958e-05
3.70840707655769067e-51
2.79383253050855923e-05
3.28719457772237980e-51
3.90513994768537687e-51
3.72718526165320539e-51
3.66652061592408565e-51
4.05669473136072047e-51
3.35465701064977968e-51
2.11555506851910006e-50
2.46774572760893434e-05
2.33833185892016090e-50
7.45047767399632186e-05
2.03150020137165747e-50
2.45174993481936131e-50
2.22355393032155037e-06
2.36127404402162012e-50
5.95712773771669091e-06
2.12019134144533463e-50
2.34555921397619924e-05
1.16901460355726437e-05
5.52198624349454910e-50
5.77827196759079763e-50
5.05736036004222798e-50
1.37701120463555586e-05
5.59290162896397555e-50
5.59891990720266695e-50
6.01065783844139337e-50
5.02626161850832941e-50
1.39354764348226037e-50
7.24026975223011920e-05
1.51054584873201711e-50
4.19521337099802428e-06
1.36126205278235374e-50
1.48458401956959007e-05
1.49176856928138713e-50
1.44846556979852863e-50
1.65093151356255508e-50
1.34950222648337256e-50
1.83138236192822080e-50
2.03238582855040869e-50
2.03265739378073582e-50
2.15869272757542672e-50
1.81562636864236476e-50
8.20743352444125532e-05
2.03188445464916550e-50
1.80180057334810618e-05
2.21211126017293147e-50
1.82398635834353121e-50
1.46202542697572903e-05
1.59880155094187452e-49
1.50490030233919066e-49
5.92251417692018836e-05
1.33095059124124778e-49
1.47018673697772800e-49
5.40763715264618733e-05
1.42443847156947163e-49
1.61006592039280066e-49
1.33120621893813359e-49
1.18668276284449586e-50
1.33982676700324168e-50
4.08653962835704821e-50
1.37930649229190239e-50
2.80732498157124970e-06
1.35784623113863499e-04
1.31722722029110282e-50
2.00962600724750866e-05
1.42978025050000729e-50
1.17814019163524757e-50
3.89048528716970249e-05
2.82456486464687451e-49
2.86603253725465938e-49
2.94610216337701651e-49
2.59226659207903302e-49
2.99331506229331591e-05
3.00633970073743916e-49
2.91506560603749262e-49
3.14164376615814352e-49
7.35149347135284891e-06
1.35597294374256687e-05
1.14652486003396474e-49
1.26787214603235918e-49
1.20140597184638328e-49
1.01647079330823148e-49
2.54167401770697740e-05
1.28045180491264542e-49
2.92026655330121093e-05
1.31518841224719093e-49
1.09493285409701505e-49
1.91380358698924001e-50
4.34819913671998857e-05
2.09913219826207046e-50
2.23637858503948247e-50
1.89749427518494319e-50
2.15480758113143371e-50
2.10588226137287508e-50
2.43420721822804013e-05
7.80884948374156604e-05
3.02606577040706676e-05
1.74924382743149437e-50
1.96294988416434814e-50
2.28565131775468803e-05
1.42096723932812223e-06
6.24653117242367088e-06
3.12786178147319697e-06
5.67624907602229444e-06
1.89427413489119460e-50
8.88301059726984865e-05
1.72603189649267763e-50
1.46993204057286552e-50
4.91083281748638706e-06
1.60585340911470165e-50
1.67206359732335555e-50
1.43062882466271048e-50
8.95649442735493655e-05
1.61743569643521136e-50
1.12180018426185768e-05
1.73883609019693210e-50
1.44973967419974509e-50
7.36462680532136626e-51
1.89625733787762677e-05
3.38919804468572512e-05
4.45177400842947861e-05
7.22979631883525554e-51
3.06735225799863260e-05
1.33139841705427786e-05
8.05122564169484842e-51
4.87679018607311612e-06
5.16017443284737743e-06
6.68683482666846570e-50
7.25444377060511751e-50
2.90017309790829401e-05
2.29833959586555696e-05
6.75108591490670632e-50
2.31993472066956515e-05
7.18809317378681708e-05
6.97384914630788190e-50
7.98719384315643133e-50
6.61961531916567179e-50
3.90269008437678985e-50
4.39782460892191541e-50
4.54691144457990546e-50
4.58586415184572012e-50
3.88600696837027953e-05
1.26867991221902833e-04
4.39748302104415450e-50
4.33817236209866321e-50
4.83589334453203141e-50
3.93747403443925398e-50
6.54918405839784390e-50
7.50059166546402013e-50
7.36113073499466976e-50
7.60614263626583508e-50
6.50934982076840012e-50
3.78646023424700391e-05
7.28216003981924171e-50
1.10634885206528560e-04
8.05466537592217395e-50
6.59633804064192751e-50
6.70387464424757458e-05
2.26753256635063144e-50
2.29663701786094433e-50
2.37746895880411899e-50
1.87681317494023432e-50
2.36336899898464768e-50
2.34177591598919951e-50
2.28672535497755746e-50
2.49673532046211356e-50
2.06001946897704708e-50
5.12718754441286649e-50
5.71481446779346408e-50
5.51162709308742601e-50
5.85481480929452273e-50
7.82435424193606374e-05
1.54269413525765344e-05
5.60573615176054150e-50
4.76283862413798951e-05
6.10363461737717121e-50
4.98850492650581004e-50
3.39399882105160706e-05
2.91642224966628772e-49
3.13872340773212719e-49
3.05337181497549806e-49
2.62233582352210360e-49
4.70139513648843110e-05
3.14969802459470329e-49
3.01173222863254370e-49
3.50889157423196007e-49
2.74234935815915303e-49
6.40190065704909679e-51
5.47207720920254097e-05
7.15739998516423177e-06
3.83694887470685376e-06
6.39792856532705905e-51
7.30109764238901801e-51
7.09773055034910865e-51
7.02671182702957064e-51
4.56846162443649142e-06
3.65199263906869227e-06
5.68467421735649638e-50
6.29030759979713239e-50
6.20389089632990428e-05
2.00181434154072529e-05
5.48066242141068938e-50
6.47201074509916800e-50
6.27419534622456946e-50
7.06992415435542859e-06
1.04698655573376149e-04
5.67773448128811013e-50
1.31447623355533956e-05
5.50314813540539626e-05
4.86231610899921664e-49
4.98288427555358555e-49
4.24898331062731274e-49
4.99021148561406045e-49
4.90433022988181065e-49
4.84673154367314632e-49
5.30412192619833944e-49
7.38057463750721010e-05
4.04165524826176391e-05
4.06194074931919552e-50
4.19740228548894769e-50
4.28406452801249829e-50
3.75371950409964254e-50
1.21113403359341781e-05
4.18727280327368459e-50
3.09893806810906993e-05
4.55467016800150636e-50
5.37183425975258776e-06
6.66339328613712228e-05
4.68607258715350229e-50
4.73118176255264194e-50
4.77918461949114065e-50
4.14100946851819091e-50
1.84755588701410376e-05
4.64268060398231216e-50
4.58944936899660593e-50
5.13273789459285900e-50
7.22184284909057402e-06
1.15365756961900407e-50
9.66348160072941079e-05
1.21029902627654010e-50
1.26367600862335573e-50
1.10347202397573587e-50
1.28229906991770520e-50
1.19713537295828431e-50
1.22590722422182483e-50
1.34982898319542263e-50
1.09567864570244054e-50
1.80586211206541226e-49
8.32536915584589738e-05
4.91010888088018750e-05
2.09879575793922794e-49
1.80693303219791406e-49
2.05046024008581363e-49
2.01215314974643663e-49
1.92833174806172388e-49
9.05633259899823296e-05
1.81413925766664179e-49
2.38799213576169569e-05
7.67788931880429934e-05
5.95777392327018151e-50
9.91556066410263415e-06
6.03566699490365625e-06
5.88843896349313434e-06
2.27883955763317339e-05
5.85814374278601726e-50
6.42178727381376944e-50
5.07357264642820151e-06
8.75114788843632874e-52
5.30150833471893354e-07
2.87695901594383847e-06
1.00030960044710112e-51
6.97037218015675582e-07
9.95724126193647426e-52
9.66033027483040791e-52
6.67723772231956503e-07
1.13497482356972711e-04
8.69998761598488275e-52
3.09914222585328091e-50
2.89038992931852252e-05
3.43783676765617484e-50
3.59012637025356151e-50
3.33802110344901510e-05
3.70333331626331343e-50
3.42751238444662658e-50
3.38628195492522485e-50
3.70749886791114142e-50
4.08612434556032187e-05
7.29847438556620421e-50
8.32881642558403104e-50
8.41160382991786883e-50
8.74150070887771190e-50
1.44620265967283748e-05
5.45206371232025166e-05
8.47107359352683221e-50
8.31472403478915003e-50
1.23455270028519780e-05
7.45562693237196058e-50
2.35058515577905969e-05
2.90168818001399660e-49
2.95914802900226032e-49
3.06594030186530476e-49
2.65300563940720740e-49
3.01264204617876511e-49
3.46645294794429037e-20
6.77012892035462778e-05
5.14124938410775775e-05
2.68932128119257542e-49
1.35953381351616647e-05
9.84968411749882164e-50
1.06429359180564774e-49
9.83111583695376321e-05
9.32784288732126055e-50
1.01523689226158131e-49
1.03831954511533498e-49
1.02755914542161511e-49
1.12805400621102495e-49
9.43425583295045268e-50
1.74033403105999257e-50
6.62812255607545881e-05
4.83492385736504938e-05
2.03308661139853262e-50
1.75644054892494859e-50
1.52120757550366611e-05
1.93571102161638578e-50
1.91793764798321263e-50
2.10025000625706300e-50
1.75132890108020940e-50
6.60259810572890002e-50
3.07691729702298916e-05
7.32106784866278596e-50
7.71188298907131177e-50
1.69671483222496599e-05
7.53969538202886087e-50
7.37655624964127318e-50
5.11935062809174810e-05
7.86119522454818628e-50
4.39267278807441890e-05
1.53218518862991843e-49
1.14344099242465078e-04
1.75037192948984186e-49
5.97337303950177138e-05
1.51096943893813537e-49
1.75785283322551263e-49
3.17962838089545736e-05
1.41710362019143575e-05
1.86729804608563564e-49
1.54000293343482226e-49
2.40059055381237583e-50
1.52427306524864459e-06
2.62728130947679981e-50
1.20291016606229295e-04
2.34955378105834707e-50
2.74184162835915301e-50
2.32059311831503926e-05
3.82817023385155199e-05
2.88483614443792713e-50
2.37994971598030864e-50
7.42414271133529452e-50
2.53160484952426654e-05
7.91965918546122157e-50
8.27966817872705414e-50
6.56683423204163966e-50
1.09066949316145186e-04
7.97648452127432256e-50
1.45687242091634757e-05
8.71103692116542088e-50
7.23057770100965246e-50
4.55907380822010548e-50
5.00552850472785788e-50
5.11427833396994910e-50
4.98825513293812079e-06
3.72021270918948701e-05
5.40586777923586380e-50
5.15927017538563230e-50
5.38316944807259941e-50
5.54832532963610132e-50
4.11578578640989503e-05
6.92688964160148647e-50
8.37703507594597478e-50
9.98134291886124725e-50
8.25317550625664389e-50
1.07445858822532788e-06
9.16923120002713439e-50
8.47970335511608878e-50
3.96060618136568406e-05
8.90186791393123174e-50
7.58735257787282214e-50
9.32275738637648833e-51
1.01959910265001955e-50
1.83919397769844161e-05
1.08865989550632868e-50
9.12526832627405077e-51
1.07035178456475771e-50
1.03286011625645609e-50
4.14091269233034403e-06
8.76903872483716029e-05
9.12416756872951040e-51
3.77920939161859893e-50
4.08829991092106631e-50
5.90498245425905432e-06
4.30434040065400430e-50
5.44319559185846462e-05
4.08004667557890914e-50
4.09889350834625360e-50
9.54520760261332888e-06
4.39825214997250146e-50
3.76134560346926994e-50
2.21891639865126374e-50
2.45067974842781744e-05
2.47171217241946397e-50
8.16563164831544269e-05
2.12265519833346648e-50
3.93372685830814968e-06
2.48344604519591686e-50
2.44740507764220367e-50
2.71312207236037140e-50
2.19740880462092218e-50
4.67279884510178541e-49
5.26025885882018440e-49
5.29070469905971441e-49
5.46397518314479402e-49
4.60933912601217422e-49
8.02466096620745446e-05
5.34861656213119016e-49
9.55667550785867188e-05
5.77143873426791443e-49
4.77559755082021126e-49
4.76727881157306880e-50
1.22943073810203587e-04
5.19486024127531564e-50
5.51870265316759446e-50
4.66288564551344146e-50
5.41714046722276329e-50
1.54277374188305612e-05
2.95148212004703825e-05
5.73199325349517955e-50
4.69834829200407846e-50
2.65434012465925543e-50
2.90239051551306924e-50
2.94101201237675366e-50
3.06989760157760309e-50
1.78177683884550388e-05
7.04842150104555371e-05
2.99565796913707096e-50
2.92971374862647246e-50
3.21727524542937978e-50
2.73687641840372033e-50
6.71001666396805608e-50
7.30292747511512737e-50
6.93983604619224739e-06
7.85039682142514957e-50
7.60917677979080164e-05
7.73145466568134597e-50
7.42662315397468010e-50
7.53239188679977982e-50
8.10597332268449444e-50
6.69977622752963900e-50
8.14554142376143105e-50
7.69275449437740425e-05
9.00403478026515289e-50
9.96159780901588585e-50
8.18397021424379418e-50
5.98480932980739363e-06
9.15486897488799435e-50
8.97709535722825157e-50
9.97295755282926430e-50
8.27907243431000494e-50
5.35864896258216170e-06
3.40676323124329406e-05
5.04442870515812896e-06
3.69862478488820035e-05
5.08449988185902955e-06
2.02443017317064584e-05
1.29619786980265741e-05
7.16967763986766025e-51
4.41252851107127981e-06
6.45542297902506175e-51
1.32987837834897195e-51
4.74084598610469512e-06
1.39883356728346403e-07
1.37837777890065572e-06
8.55433833079177590e-05
3.21584358745014678e-06
4.10933028510296474e-06
1.53427169598611122e-05
1.97728588896713222e-06
4.90433328440551515e-06
1.10219702740691380e-50
1.76115412050354832e-05
1.21383932554396163e-50
3.00671817142086541e-05
1.11600538839179230e-50
1.24983621495234294e-50
1.18944595382013467e-50
1.21013243965764866e-50
6.91849740672405972e-05
1.09258015425541365e-50
6.47971385771085288e-50
7.43783810875792151e-50
7.36050824127597905e-50
7.62731208153395403e-50
4.60572345566594106e-05
7.63583920075151746e-50
4.83573608699268344e-05
7.31378111263402365e-50
5.72140505621274268e-05
6.67108590289501704e-50
1.97773304527312542e-49
2.18614251469287465e-49
2.24472726952899023e-49
2.29905932511536536e-49
7.06334111127216708e-07
2.28785779070734101e-49
2.27986135560129773e-49
2.91488738674275194e-05
7.86679663466766668e-05
1.99990624228713882e-49
1.83015350824801991e-05
1.28455799115621768e-49
1.28222666558978503e-49
2.41925056996095491e-05
8.79124014030169395e-05
1.33110249894142915e-49
1.26198871718968182e-49
1.24338185361897203e-49
1.36315520938139678e-49
1.13817697434825061e-49
8.85890117840547763e-51
9.88272323253714264e-51
4.83768849219362119e-06
1.05446885866426934e-50
8.74845521551609435e-51
1.06253873191704531e-04
3.99463596292763624e-06
2.83833804707287284e-06
1.06635633353370462e-50
7.28767907621899235e-06
1.86734653536487925e-05
5.95884864898032283e-50
5.50794681616020557e-50
5.93822148259768607e-50
5.12052431414408761e-50
4.58180781868213098e-05
5.70491516197055260e-50
5.65591829959161057e-50
5.96094947773031343e-50
5.05249535678202574e-50
1.46848344894292404e-05
7.78812363538272254e-50
4.77861310838873695e-05
8.26119154759001701e-50
3.29654016604028209e-05
7.32633973325687680e-06
8.15685662779373664e-50
1.60039299137038393e-05
8.74257326718448098e-50
7.08183844615479319e-50
1.63149651576046547e-06
5.81476506041960411e-50
2.09282359055246479e-05
9.23310024056656536e-05
5.15222810545580072e-50
2.44933749605116221e-05
5.80451724933826554e-50
1.52953244824113637e-05
6.21789955018263224e-50
5.26531859325124656e-50
