4.92197825350366431e-50
8.90161011905275855e-05
8.21519036285747952e-06
7.86337017764042316e-05
5.18174026743188179e-05
1.42458360916540303e-05
5.45716561446371354e-50
5.45208857057405012e-50
5.55412429140052503e-50
1.30091484188459866e-05
3.98199307171787588e-50
4.50115560170971472e-50
2.33139069090752100e-04
4.54642294718132250e-50
4.22965290569091838e-50
4.53100389180974028e-50
4.39757624135109642e-50
8.92657215479498409e-05
1.55241270231370141e-14
4.10537442701284290e-50
7.39276100426708409e-50
8.85837114129516669e-50
8.39176060761478674e-50
8.58047955937115569e-50
7.97671584207705345e-50
8.64807100643672995e-50
8.31572088727050139e-50
1.86721759760962439e-04
8.62748849194305502e-50
7.76420377214307653e-50
1.06169301954716360e-49
1.62966067623828754e-49
1.28503499499446517e-49
1.33887236693824045e-49
1.52341057452985210e-49
3.24038374443826467e-05
7.33262983052626231e-06
3.80847378681427627e-05
1.66167936650326444e-49
1.15878326396885318e-49
1.37485524230061876e-50
1.56978968400073881e-50
1.48279470357115881e-04
1.56505818915722857e-50
1.45454647658133465e-50
1.56486612485092795e-50
1.49768685266128282e-50
4.79139333975297424e-06
6.78140566483058089e-05
1.41237676734103180e-50
2.92031018464296669e-50
4.85394327261509838e-05
3.26645649173568389e-50
3.41343678767068750e-50
5.46405897538454417e-05
1.68580219985367713e-05
8.87958579457784969e-06
1.09255360296574947e-04
4.92269860010959351e-05
2.04337849009135807e-05
1.84898868095794943e-49
3.93701285636791160e-05
2.06887638131316948e-49
2.12882512184980142e-49
1.82789460898532919e-49
1.03233153888913418e-04
2.05271525307860547e-49
1.39265988933872986e-04
2.07420024261148360e-49
1.93195433149658521e-49
5.33699761319756749e-06
1.75469046707582907e-04
1.05025437971146451e-49
1.11420104906056522e-49
9.91778368919957917e-50
1.10099198213741013e-49
4.60088233364478448e-05
1.04960288042509256e-49
1.07822608036077997e-49
9.93668610357881298e-50
1.18877834253570189e-49
1.37013126417768270e-49
1.31183791387719136e-49
1.34978523849253321e-49
1.29056783383127806e-49
1.39105453127355398e-04
3.46263667952793135e-05
1.28704592639144576e-49
1.37285049585165168e-49
4.12665796720468550e-05
1.84603362410558520e-50
4.05821651493153441e-05
2.07682016238471661e-50
2.15760666408104120e-50
1.16918211939617475e-04
2.16578829570813885e-50
2.07282353946982956e-50
2.05950667918788376e-50
2.12093829000058753e-50
4.67638008887452044e-06
1.78377299856077789e-49
1.89095008890594022e-49
8.74024418170342767e-06
1.79948449340308008e-49
1.43489693718820562e-05
3.12775229175428905e-05
2.60198257617149786e-49
1.80055277697264587e-49
2.04417680164804021e-05
1.97046465005644723e-49
3.86647109860085828e-49
4.39100032167449152e-49
4.48194335778654134e-49
4.46416289810150243e-49
4.11327207785717387e-49
3.99865155769373324e-49
4.48650924945196224e-49
1.35748267223141471e-04
4.51750936369991921e-49
4.15360717539084732e-49
1.00076336392158963e-05
8.53063820051117038e-50
2.51607169485373251e-05
7.79403852901519990e-05
1.13217580428374774e-05
8.72882810414368100e-50
4.24012352927938100e-05
8.34288459000291096e-50
8.51735468646321456e-50
4.63195297082168801e-05
4.40847568773102521e-49
5.13604052086190090e-49
4.75803580206603138e-05
5.10823511839835808e-49
4.74324918008439900e-49
5.25910089171177468e-49
5.19832449212482370e-49
1.18738072007490222e-04
6.66516035059773118e-05
4.84045563976441492e-49
4.46895010260211690e-50
2.35675910154071226e-05
5.13986087981627776e-50
5.15488589788152730e-50
1.51121087751255337e-04
5.11762673817628434e-50
4.52683512774556312e-05
4.93534095497583312e-50
5.06285303304503858e-50
4.58038238056032360e-50
1.87149463611534091e-49
1.43162683380227768e-04
2.06788504427428544e-49
2.09876359372587342e-49
2.00870234428592396e-49
2.28788269809319351e-49
2.08728492626354375e-49
2.08937562948673472e-49
2.18135573905190975e-49
1.95959924699596214e-49
2.90947690369478108e-05
1.32549437178668437e-04
9.47727084667208185e-50
9.66367360647495515e-50
8.95517308630440558e-50
9.76459488262235332e-50
9.47734526053839162e-50
9.51770655641583261e-50
9.72744633410444983e-50
8.85176030191447488e-50
5.57192486336952625e-50
6.33758241576074752e-50
1.26164425555053199e-05
6.39725101947512049e-50
4.12187229277475229e-07
9.54346944956671058e-05
6.19337087832444353e-50
2.36100711707669137e-04
5.35103137017685422e-05
5.76950122735313764e-50
3.29839715313218358e-50
3.82833890203213520e-50
3.66988677696627282e-50
3.90011842241646846e-50
2.15990718858810989e-04
3.80558092452548842e-50
1.19757827541794292e-05
6.95369254746798623e-05
3.70332239997509118e-50
3.45596065609819006e-50
2.21923180831130267e-50
2.56006587236127227e-50
2.47995712139156809e-50
2.53427886278260202e-50
1.49070502481731172e-04
2.57552149442904955e-50
2.45918470443452552e-50
6.64530934577534403e-05
7.99280143711556576e-05
2.31353599952759674e-50
5.70709098090560045e-09
8.89052195244792866e-05
2.68718022950524935e-05
7.55985139565134467e-05
3.03392548289574948e-05
3.74439426695959881e-05
5.33365182226444492e-05
1.18902806947236400e-50
1.23024825446084862e-50
2.26195683013341108e-05
5.94831106888549871e-50
1.64901913779003946e-04
6.77871456357215571e-50
6.97990183385255921e-50
6.55957735104690886e-50
2.12012385288895578e-05
6.67927628432148664e-50
6.63977744143085420e-50
6.62785131763019066e-50
6.78861817502271258e-05
2.19876701928573852e-49
2.53657869902054606e-49
2.48361064446734954e-49
2.55401777761217501e-49
1.30704651518954144e-04
2.54899410334692038e-49
4.73352920564096689e-05
9.06970860965482012e-05
2.53562571854646067e-49
2.30562293134601981e-49
3.74579159563376281e-50
2.14628218503729723e-05
4.14767179518978904e-50
7.61636647064015210e-06
3.87518540988270917e-50
8.32004454574230401e-05
4.09677255021274601e-50
1.08822100183137349e-04
6.41530428814596481e-05
1.35925492890969373e-05
5.03811369837428833e-50
1.37029093424313606e-04
5.99839788193331667e-50
6.20407650950221530e-50
1.26129701562118598e-05
6.09109697217359885e-50
5.95537383529655454e-50
5.94300848456655137e-50
6.15432257945037498e-50
6.45342086904773974e-06
6.00398742231190337e-50
4.37189163989010283e-05
8.69875524678681106e-05
3.49536243613908040e-05
6.37454930273514416e-06
8.44821217541750152e-05
6.63727399326694803e-50
6.57098372688391620e-50
6.82059850847411865e-50
6.27260425291707829e-50
2.54630588582685662e-50
2.88788648649074053e-50
2.77431282767183434e-50
2.87765054499103858e-50
3.99518426821838905e-05
1.37969898182743723e-04
2.76610064063542201e-50
6.46826394119152763e-05
2.84343917811763114e-50
2.57707405672007713e-50
2.50005579657808081e-49
5.68684676514596830e-05
2.67576084256890489e-49
1.32353614796446619e-04
1.25234628606350675e-04
2.88067699899915205e-49
2.78072035009763662e-49
2.74426984742492964e-49
2.76824037032434748e-49
2.58925818881678483e-49
3.84419502138517131e-06
3.00533652942941642e-05
5.33181567575675335e-06
3.03374749534610965e-05
5.99191471110993034e-05
8.78445515552330126e-05
6.01901093944027141e-05
1.92597985824591452e-50
1.98132089867163534e-50
7.49344106169302805e-07
3.62247143579361347e-50
4.09877691434436829e-50
4.74984408263935481e-05
1.51588099492607620e-04
1.29427388583754142e-05
4.14418421124308190e-50
3.94292010132751057e-50
3.91841894330408314e-50
3.19306896426981265e-05
1.12071422737792273e-05
1.65567152130395516e-05
3.55771427239352057e-50
1.23362171777132963e-05
3.54335517634851123e-50
3.64303821165067867e-05
1.56508168884585976e-04
3.12993966022786263e-05
6.23423578006071294e-05
3.52781301967561225e-50
3.25458520715710591e-50
3.53524012036730918e-49
3.52493564163332493e-05
4.05836560987206731e-49
4.17027205948361264e-49
3.87325327318742205e-49
6.34595627638554307e-05
4.06346219623227706e-49
3.98173859650250972e-49
5.92496571343650722e-05
3.69539842402469457e-49
3.70728831894799346e-50
4.36321777212720974e-50
4.22132749253551390e-50
4.30853201187247706e-50
2.24781384238006634e-04
4.31606345840132142e-50
7.75298800352141477e-06
1.22544124981687198e-05
4.26739891605237641e-50
3.92549597227698908e-50
1.40101877469194910e-50
1.13300617521606755e-04
1.55548001101429305e-50
1.59647026958598003e-50
1.51192656049499751e-50
1.62104679227061200e-50
1.55402125099240410e-50
1.57423824276311498e-50
1.58905429369829379e-50
8.34365045937635069e-05
9.87572179613834267e-50
1.14479747602869071e-49
1.09194610773438403e-49
1.10270076002716043e-04
1.04290062086551260e-49
1.13791337788723800e-49
4.81021128616452559e-05
1.82776371726935745e-04
1.11913989139440868e-49
1.03038568706664433e-49
6.85587792221976962e-50
9.53737457580463910e-06
2.53311218985000239e-05
7.51296441126131659e-50
4.03197540243448524e-05
8.38095479055335472e-50
8.05693576074413094e-50
2.65935298515628877e-05
8.32765841598652732e-50
7.37872796939367967e-50
4.50008732641429743e-50
1.20388830508476159e-05
4.92366115204212253e-50
1.01927485154772732e-05
4.75992931663440260e-50
6.82556911880799693e-06
4.89586941696912487e-50
2.39157548680187507e-04
5.04772025812410581e-50
4.56873946248618500e-50
9.61229278822679089e-50
1.11556319485969353e-49
2.21004536876565435e-05
1.11199204355779581e-49
5.59560839331676172e-05
1.10570288647051434e-49
5.10936142095542772e-05
1.34105529258993542e-04
1.10622717772162197e-49
2.76554419767981187e-05
4.95243633235235570e-50
5.67031327925502073e-50
2.26216749022265690e-05
5.81017668006354002e-50
1.00483747336468080e-04
4.32640515435364452e-05
5.51825876284664860e-50
5.58279333802989427e-50
5.67928982568838685e-50
5.20622605990192020e-50
3.79674477204175035e-49
4.34818299730080213e-49
2.20491729992357442e-05
4.37633519136161815e-49
4.16408399579573213e-49
2.11884192005332226e-04
4.33674198462250127e-49
3.22755642379556093e-49
4.41770781307573313e-49
3.98347035107470702e-49
2.78357180735375649e-49
3.18304129348140254e-49
1.24226141488614837e-04
3.19513920039068189e-49
2.96869232044992482e-49
3.40088249041518136e-49
3.12200217087599558e-49
1.17536172916111030e-04
3.22794949365026355e-49
2.90548516167340177e-49
1.15313825985693117e-04
5.66626235915138220e-05
1.89710720138613399e-49
1.93767204569847548e-49
1.15133160238365922e-05
7.01956880437196428e-05
5.98247807260886182e-05
1.12874793022581376e-04
1.93725440033660086e-49
1.77908658780967395e-49
2.02038106257461592e-49
2.30736851895891045e-49
1.00821181811551534e-04
2.31871256638073413e-49
6.10078426000739020e-05
2.33731788985644009e-49
2.25804087703591126e-49
1.01471742264696571e-04
2.18087926312020118e-05
2.10728601288728199e-49
2.69232166782868640e-49
1.65023069700228848e-48
1.84551398840345129e-48
1.63432599207347082e-48
6.86325299812866834e-05
5.43315302879890085e-05
1.89483724953313656e-48
1.64613982566872949e-48
1.77361248331688209e-48
6.84362656291749940e-05
5.30701452645925155e-50
6.04496138741142590e-50
9.85082325054168693e-06
6.01356070027202975e-50
5.58413099786336611e-50
1.10327444302346365e-05
5.86161097275470209e-50
1.04870873550433314e-04
8.35724671139393717e-05
5.51325819784828734e-50
2.46837725587091583e-50
2.38126969268138262e-04
5.00447517485139522e-06
8.42548739134298286e-06
3.02292014341834149e-05
2.78203753397383229e-50
2.70488092600127717e-50
2.63414135401085109e-50
2.79758576668754818e-50
2.53270131820273791e-50
5.86725853653293839e-49
8.88361623877142656e-05
2.65286637271864294e-05
6.83743086777346183e-49
6.34984144963090723e-49
9.87872987854230400e-05
6.94105077668212896e-49
2.03165766716714866e-49
8.19436966914258071e-05
6.39155213671173144e-49
3.02515961622440678e-50
1.77392469886035692e-04
3.48166716629627442e-50
5.51099266276503836e-07
1.21240256976106242e-05
1.19334414441374150e-05
3.34647098252058465e-50
3.33086209746261580e-50
3.39926607419524694e-50
3.11831117655738163e-50
2.53206223232635208e-49
6.82604148970002877e-05
2.86191487659681244e-49
2.94730149009010855e-49
1.23980903410763829e-04
3.18584290016134749e-05
2.86697131172185672e-49
2.80837049266270320e-49
7.36313557781735763e-06
2.69415649445325383e-49
5.86082457168877669e-50
6.63730939153336248e-50
6.43379070726808122e-50
6.56232049390097849e-50
1.63394774727409478e-04
3.29029965215233040e-05
6.43668740790169378e-50
4.44114579557624016e-05
6.60523951361590314e-50
6.05012580457709455e-50
9.51590966954461090e-06
3.00641358121610367e-50
2.89089276083791367e-50
2.99689629332314587e-50
8.10562590975044017e-05
1.38726620131874467e-04
2.62747896708838344e-05
2.85767172919508204e-05
2.97361912767281420e-50
2.69543973154077045e-50
6.55740278864285214e-50
8.42575266836426790e-05
8.64040181996602911e-50
1.31746465288241843e-49
9.12711713208805654e-50
9.22525794008880792e-50
8.16353089082074716e-50
7.76600016154723650e-50
8.71863034061192181e-50
7.32265292746036699e-50
5.15657433264292134e-49
1.79612776997216698e-49
5.86863773215092157e-49
5.82123368769725143e-49
9.04447008725459302e-05
1.15306356237338467e-04
5.91161999533749586e-49
5.71671963329345864e-49
7.39347047939574898e-05
3.96264535176845115e-49
4.40756119106550336e-50
4.98332037360435308e-50
4.71035169370665218e-50
4.91864031728653275e-50
1.27022040342915143e-04
5.16110385901284707e-50
4.82901760596553991e-50
4.85498919053831699e-50
4.79295489717124906e-50
4.47833413340262088e-50
2.12910102912267161e-05
1.39159234672833060e-04
8.53933745774537446e-05
1.75438709017276852e-05
7.53995089133295414e-50
8.30087037885813777e-50
1.88867472025162760e-17
5.45708514971119161e-05
8.12864341917523781e-50
1.27796049654063417e-05
8.38125264123416338e-51
2.10983755837356036e-07
9.24489244662217860e-51
8.17093685639459777e-06
6.46055382441624383e-05
6.78194031901385930e-05
1.58286617822833361e-05
1.01105469813175493e-04
6.76340076263889019e-06
3.77588546091259320e-05
2.06299252910478909e-49
2.42514759322600880e-49
2.32437076652773131e-49
2.36610543113100669e-05
2.15982451203277270e-49
2.38610258971683719e-49
3.04927191797730926e-05
2.20538988749186798e-49
1.29701803720264492e-04
2.55620180899147660e-05
1.91281940189133116e-50
2.23885081840665109e-50
5.91868715630115936e-05
2.44166688358238845e-05
8.17950820233576142e-05
3.74103659137704168e-05
4.21029471185884496e-05
2.13679047425811696e-50
3.68278231360922953e-06
7.08621279865134503e-05
2.48056851951225911e-49
3.29147096806711530e-05
2.92917204728308471e-49
2.89356147594935714e-49
7.54165420787546300e-05
2.89687703515706252e-49
2.87007067055936165e-49
4.01710341899316802e-05
2.96466993151932371e-49
2.70293534873071546e-49
6.49333781335420022e-49
7.68659337389882097e-49
9.27610508525468388e-05
9.56114276977355443e-49
7.10565302056864879e-49
1.45790626051498347e-05
1.18943957542254010e-05
9.14384413161731138e-05
8.12274840140207472e-49
7.36406889679233904e-49
5.47552270751822542e-50
6.24682022402444407e-50
6.08840041220604961e-50
3.39023404546067553e-05
5.78666317166901677e-50
6.31114076410555712e-50
1.55443514425608674e-04
8.39548168504032524e-05
5.94527019405949572e-50
5.67536860503397302e-50
9.49559920167525471e-50
6.33408326707010801e-05
1.07037955215048221e-49
1.16754468394176185e-49
2.69582900177888422e-05
1.15450237278189002e-49
1.04519781747007277e-49
1.07622120405231883e-49
1.08339757823621635e-49
9.82457276125326221e-50
7.61366958074717114e-50
3.69422672180710752e-05
8.45598034933454317e-50
8.62109149225059519e-50
8.02998007682923649e-50
1.52236109590184211e-05
6.54123247806169273e-05
1.66895072027310108e-04
8.64718861557096224e-50
7.87410551526783392e-50
5.16103663266921798e-06
1.18682471166062668e-49
1.12327592852420583e-49
4.05414180457484261e-05
1.08712891108654728e-49
8.12142507074549306e-05
1.12081981404361147e-49
1.59486947922669772e-04
4.32595471004168503e-05
1.05695736610737959e-49
2.03436687564491067e-49
2.35207151469883762e-49
2.27198353593034681e-49
2.34314628423139700e-49
2.02329067089094080e-04
2.38922313971483670e-49
2.28448108286174758e-49
2.19508987345758236e-49
6.39559108985272813e-05
2.14284422239390628e-49
3.98534264894752741e-49
5.88023260930230973e-49
4.56956022270328687e-49
4.51954136648011635e-49
4.01812429487641443e-49
1.11035185298750936e-04
4.60809746789679356e-49
3.02040013039911160e-05
4.65859743791315681e-49
4.23898031570475174e-49
5.46614052003542941e-50
6.39430308239166424e-50
5.02076444213881616e-05
6.36413361715913324e-50
2.98593050975945340e-05
6.39575895978922995e-50
1.52255601251296700e-04
7.25552309124084018e-05
6.31783686808398136e-50
5.69846124151126086e-50
1.83467689383216972e-04
5.00162255453379412e-50
4.76092394163087653e-50
1.33403461410639056e-06
4.60304311335939454e-50
4.92122854360427872e-50
5.78359092124202415e-05
2.65306706824086698e-05
2.77114830895772755e-05
4.52980905561730208e-50
8.84465133362550003e-05
1.71530631153503970e-49
4.15214576645335946e-05
1.83399391269338950e-49
1.61951994977019044e-49
1.75508600807094165e-49
1.71090264651854075e-49
5.94753897291345869e-05
2.27169676167419202e-05
1.62805194992299872e-49
3.30283704933715197e-05
4.83422803906074326e-05
4.31947625897735625e-50
4.45345504258914399e-50
4.11864762587542208e-50
4.74054642375114810e-05
4.30269242967260634e-50
7.18126259340765526e-05
4.43593159600287446e-50
2.95035466503029203e-05
3.67868210616122947e-50
1.08256269876246088e-05
4.09963724407537443e-50
2.70670697921156803e-05
3.87643603655513656e-50
4.29560024982716957e-50
1.78192769983794854e-04
3.34550428044254677e-05
9.24399670317127126e-06
3.84600820285399380e-50
2.48361593262179131e-49
4.17179295863501570e-05
2.87637640705276653e-49
2.79897940364781129e-49
2.63403221616955529e-49
1.87331530390405382e-05
2.78755187729347070e-49
5.75133652880667115e-05
2.85405221307613412e-49
7.28896399770757549e-05
2.37312474795466414e-50
1.60943742597297328e-05
2.77432928900783210e-50
4.13652261641222891e-05
4.40155322560968336e-05
2.87642529970088291e-50
2.73526896611387578e-50
2.64839197503911354e-50
2.75620792065100964e-50
2.50169387216343991e-50
5.65901720324583461e-50
6.59935710054405314e-50
6.29086332206938709e-50
6.50455298292620143e-50
1.03320073857161320e-04
6.62807198194493217e-50
6.42589445478069584e-50
6.23831346798785337e-50
6.93896021178333194e-50
5.95786032307489126e-50
4.40177581447175381e-06
1.12134430728718583e-04
1.89267239368240996e-50
3.04431803457429067e-05
1.80332748713661375e-50
1.93601125111511048e-50
1.30630039525966878e-04
1.84968167430947138e-50
3.05083682957845963e-05
1.76562169781290177e-50
