6.53054151200915394e-05
4.88499894597201962e-49
5.04920630287655027e-49
5.04746884202402805e-49
4.39619934812187090e-49
9.36986602381787955e-05
5.03346779222002315e-49
7.53844414840874557e-05
5.09009640924579283e-49
4.48453575823670221e-49
7.24097489735154459e-50
2.23812111849646587e-05
8.07413859514486221e-50
8.47201943261835812e-50
9.73246938087619668e-05
1.23092037406674563e-05
8.09461729331309709e-50
4.96617098005452419e-05
8.55661634873495864e-50
7.43630576219110303e-50
1.79216140317460166e-49
8.72415982721360967e-05
1.98964392628895799e-49
4.47089284623003163e-06
1.81490519477068340e-49
2.12147813058898728e-49
2.03702394783814512e-49
2.01401438444113811e-49
2.14508580239488125e-49
1.85711084326713355e-49
8.15718948718208348e-51
9.45542022594624943e-06
9.36091053874360316e-51
9.54303953446932383e-51
8.43474634098895770e-51
9.70465778616282707e-51
9.14073309443135605e-51
9.11636231558663777e-51
9.75594711781407302e-51
1.07069311225324525e-04
9.71329806729603832e-50
1.09599352810354862e-49
1.08518775814666177e-49
1.14069961149363389e-49
9.66866807738851698e-05
1.15499718437098792e-49
1.08715553936913965e-49
1.07323376787246620e-49
1.14824929749854535e-49
1.01545045126700703e-49
5.13707667771721221e-50
4.69526498761916117e-05
5.74901432538760985e-50
6.37725782365716195e-05
5.35184360032408847e-50
6.10619328529047095e-50
5.96739876604777090e-50
6.18177202256153071e-50
6.10218893605073155e-50
5.30985822185097583e-50
1.40882769251338708e-49
2.11054509785664775e-05
1.61220154357901293e-49
1.46422235774713741e-49
1.30571689088130320e-49
1.05488169593164836e-05
1.45161309346525083e-49
2.27118769724491478e-05
2.85364662540455272e-05
2.33857294316567090e-05
4.55173140255006283e-50
2.49161505163969468e-05
1.34600590262514327e-05
5.38055567760346732e-50
4.60902035835654469e-50
5.32586538148298496e-50
5.08400362362954140e-50
1.20255014235743897e-04
1.48489755552952422e-06
4.65842643865443043e-50
1.49177431285741398e-49
1.62567286161405192e-49
1.69251099519472699e-49
1.86281094839957886e-49
3.66762115769898886e-05
2.45312119297269883e-05
1.68666545453646858e-49
6.37183994366294587e-05
1.77105386912852563e-49
1.57276483919765684e-49
3.73290692324763781e-06
1.07927153337292416e-05
9.12910218258535395e-50
9.72184638596550834e-50
2.04707432763630030e-05
4.27206460330471579e-05
4.47235515144289459e-05
7.18205280215257342e-06
9.82901601116353748e-50
8.52989927065536482e-50
9.77557160843141231e-50
2.32486451690370961e-05
9.55831989384132705e-50
9.72381308122477824e-50
3.01244837894735038e-05
1.03715513607118432e-49
9.77278934626396313e-50
9.27130412503471221e-50
9.88725723793040564e-50
7.78308846261602497e-06
4.37617496520856788e-50
4.44962780568393219e-06
2.10573154104356966e-05
2.47393424577312349e-05
4.62992644197889402e-50
5.14278920324507534e-50
4.93731863355355307e-50
4.81385168306297659e-50
5.33747013404303856e-50
4.57610190954157935e-50
7.25521059180195328e-50
8.40293780844979850e-50
1.49888549075518426e-05
1.96789723037334009e-06
8.56916090697576585e-05
8.06180805002425491e-50
8.34337751015551076e-50
8.03147898263604489e-50
7.35358688727230560e-06
7.40384524514092047e-50
4.08893697749363792e-50
4.54098149006270493e-50
4.73465800326839405e-50
4.76738170756370591e-50
8.66118585827967656e-05
5.11772858693355150e-50
4.57575132603793195e-50
4.38701664843837735e-50
4.74115513655287264e-50
4.21920674763677686e-50
1.62195761035786609e-50
3.25556113644719216e-05
1.76362030456199643e-50
1.10671557756311394e-05
8.48513119365455853e-06
9.22493755805549824e-05
1.77566435348810981e-50
2.10926757212154801e-05
1.93127745369550031e-50
4.95854060886386769e-06
5.06174101851636451e-06
5.33578554420824752e-50
5.98060027649106508e-50
6.25625781068077209e-50
1.83853609837719280e-05
6.64549990647227187e-50
5.83303000739948263e-50
5.60623818508333439e-50
6.34245638234341806e-50
4.68617628086488185e-50
1.87559753065229956e-50
2.11015637863033065e-50
2.07254222627754342e-50
2.15594036442069212e-50
1.46427400696148353e-04
2.17720741866763190e-50
2.05423435526361765e-50
1.99374948234122886e-50
2.18096147799130379e-50
1.92235639482516829e-50
7.76636515556227393e-50
8.74424898797634454e-50
8.92789440688639498e-50
9.32117964827096542e-50
7.99212337170988696e-50
1.21036251478597777e-04
5.66985218659256319e-07
8.94184496854314454e-50
1.45198476080354651e-06
7.94306009701992323e-50
2.87642398458844907e-05
1.24742763479740755e-49
1.26535058808541665e-49
1.33009861177228206e-49
2.77237365473905888e-05
9.37055847611680204e-05
1.26946591782168766e-49
1.27498689096458808e-49
1.36572724468900649e-49
1.16528101466217465e-49
3.33763222524701736e-50
3.77360832077737286e-50
3.67716822346839466e-50
3.85560926340989218e-50
3.38175183407007267e-50
9.41807510290880132e-06
3.66893057620469766e-50
1.34206838347171085e-04
3.87329312769602404e-50
3.43446436197951499e-50
9.47082921723669046e-07
5.72196439317888862e-06
2.21967469966233157e-05
3.71137893245081732e-51
3.50232811459498571e-05
5.54017812032889035e-06
9.98974546106879760e-07
3.51391988496225046e-51
1.00921045204284714e-05
5.99699343487836541e-05
1.22750525070254257e-50
1.46087979453379258e-05
1.37024100557571341e-50
1.43751464943956542e-50
1.24670282007593368e-50
1.41103249229987302e-50
1.36837902172650670e-50
2.98736189791567113e-06
1.42714794560504395e-50
1.03233217051937071e-04
1.82391354261253070e-49
2.07238164503046238e-49
2.08797822278679621e-49
2.15730575117506632e-49
2.06061922713290101e-49
2.15898105241480030e-49
3.01033816531124164e-05
6.45251455290421011e-05
3.93151293170494111e-05
1.93826241228563012e-49
1.96922388881635090e-50
6.05867212858404071e-05
5.09861486635113001e-05
2.23930905158003723e-50
1.97625681785768816e-50
2.30560269072424178e-50
2.18595823161064376e-50
2.21826212856822773e-50
2.35159311301531424e-05
2.03501688173960994e-50
2.32538583205293094e-49
2.59242859854449382e-49
2.65941706479161800e-49
2.78989502785002283e-49
2.57755098808206540e-49
9.33782626717551009e-05
2.63831830743756828e-49
2.49600657537645730e-49
2.78608238407465012e-49
1.65167071872662687e-05
5.80631280488125879e-50
6.56971755173094958e-50
6.27188015298660011e-50
6.64761183035363685e-50
5.64974114708112041e-50
6.64722381310991087e-50
6.30769980274581212e-50
1.21411819218348520e-04
6.83592823620553891e-50
5.83124059081934411e-50
9.64957272210077813e-05
3.50299881796351696e-49
3.35569359048661864e-49
3.50412866813838468e-49
3.00749528555468775e-49
7.36109243668142611e-05
4.13810642922862257e-05
3.34077802781152677e-49
3.60428664131603046e-49
3.12569935361872541e-49
6.95411090885609995e-50
7.78963148962098247e-50
7.81903277754046243e-50
8.51597694321431308e-06
7.04867163048927143e-50
8.09033494186941704e-50
2.67428413073877073e-05
7.62546935797269246e-50
1.78495121609363399e-04
4.16830230344193974e-05
1.37745844365567850e-49
1.48481029611441276e-49
2.02087699757960945e-05
1.53541071233020744e-49
4.63565093327488774e-05
1.83356348371583290e-49
1.90225745962250222e-49
1.56720150501326318e-49
1.80408254871465815e-05
1.43573110102065023e-49
1.06115280717893320e-50
1.07133496031135931e-04
1.18179532344504706e-50
1.22195111851561631e-50
1.07939363574308722e-50
1.24850627876889251e-50
1.15869360707726852e-50
3.22862387749992460e-05
6.80413326666360031e-06
1.09705861328285679e-50
2.32665346524941656e-49
6.95833117793024226e-05
2.63249403263757955e-49
2.54453344483394249e-49
2.39947974865683560e-49
2.21478262923143583e-49
2.64922967134429564e-49
2.59993597766181686e-49
2.86551709648435881e-49
2.52044282621040876e-49
4.60884564805423538e-50
5.05009616668006600e-50
5.01705235063307373e-50
5.21910213316272704e-50
4.63150361004607123e-50
1.44815349231662837e-04
5.01077786950218417e-50
5.16772757965930385e-50
5.29688533681952034e-50
4.62541800606241916e-50
1.87725687196062145e-49
8.19876469482903490e-05
2.14967224517087233e-49
2.25445960106886243e-49
1.93978603868297864e-49
2.24117664898961741e-49
2.15691245599222332e-49
2.05706348891071395e-49
2.23003252633744724e-49
1.97197979089048608e-49
4.69192402034453867e-50
5.60508772641275859e-50
5.44740549563990880e-50
5.51867401678234334e-50
2.95684241882419039e-05
5.71649069690771576e-50
5.21410892968076445e-50
1.56154412315798362e-05
1.41466093746939170e-05
4.86116363549761172e-50
6.54199489969314213e-50
7.69947928951288114e-50
7.73110335817799737e-50
7.64839058188937329e-50
6.84208893145509457e-50
1.04496098406169996e-04
7.42088010787283578e-50
6.86322896043949756e-50
7.91275238678035145e-50
7.00321149465017075e-50
2.78074983266136917e-50
1.95380290561533658e-05
3.08916893064133094e-50
3.63905962369599125e-05
3.11915371852152963e-05
3.20653938290725725e-50
3.08391802829800122e-50
7.20327079353094859e-05
3.22879639565029181e-50
1.82019203145837954e-05
5.15700508151577483e-05
1.52832974403349108e-49
1.46453240836528733e-49
1.50354596319093201e-49
4.30597717094896549e-05
1.66462997302968415e-49
1.45283179013705898e-49
1.45591323538214493e-49
1.53299655670114588e-49
1.45507634393138517e-05
1.05420894767473659e-04
2.16563397936481070e-50
2.16777934572870169e-50
2.33686538881279964e-50
1.97087025791770877e-50
2.22344193116208314e-50
2.15246001031422525e-50
3.30273664632927227e-05
2.26406342328789265e-50
2.05154128817394594e-50
3.48586283168279856e-50
6.30342396503455500e-07
3.52092542588022747e-07
4.03956499800032353e-50
4.65171174183070334e-05
2.12631668625797325e-06
9.15866659879905556e-06
1.26730519993951816e-04
6.70430365931587078e-05
3.56895711020433764e-50
2.88589718792856330e-50
3.19955416450120451e-50
2.45149007570459606e-05
3.10212924940076113e-05
2.93833344471710580e-50
4.88357148521505058e-05
4.98252476420064342e-05
3.20389000347129295e-50
1.58963876650394823e-05
1.85330466760955010e-05
7.31810018415193559e-50
8.10006364993511189e-50
8.41599467794710757e-50
8.77876414869903018e-50
7.65388062928305205e-50
5.21643611070986746e-06
8.31692526881436128e-50
1.51865561510998177e-04
2.38414485968128719e-05
7.77182430592653906e-50
7.84881667695782204e-05
2.12999415016374825e-50
2.09052277609326008e-50
1.29845154511282130e-05
3.13612100402741834e-06
5.01706644575338034e-05
2.48691249469910083e-06
2.48237487767378580e-05
2.23075769292573374e-50
1.95170649510292603e-50
1.58414505831042738e-49
1.78524801045548969e-49
1.06992403582373387e-05
1.89119526577009832e-49
1.63333143525926609e-49
1.83597992209288722e-49
1.72747458571704846e-49
1.76006704814412561e-49
1.28340583777530962e-04
1.63907107025570678e-49
2.61246684051791465e-50
2.88935051357981852e-50
1.26054672984234627e-05
2.99657254630307624e-50
2.55156105566924633e-50
3.15305284565707967e-50
2.80298484117583569e-50
3.80119553076386580e-05
3.05467598262432130e-50
2.61765346006278001e-50
4.17875770158722553e-50
4.59360033701630593e-50
4.77445975907897888e-50
4.83429277875298165e-50
4.38664588376514351e-50
4.84634220433940697e-50
6.49844445121320317e-05
4.45974964982482359e-50
3.21491584306737654e-05
4.33447262906418657e-50
1.31579808577447295e-05
2.76451754542771107e-50
1.27258028468167402e-05
2.94876652587601192e-50
6.00140304595167973e-05
2.84550491846144186e-50
2.76904357632515769e-50
1.35918583070650605e-05
6.16407777216397871e-05
2.57162874158368441e-50
2.47297598405828559e-49
9.29165672758972864e-06
2.89011340698773129e-49
2.91102647299778343e-49
2.67403413814296509e-49
2.11173830311619480e-05
2.86872232627532936e-49
2.86380989586570548e-49
2.94210116682504116e-49
1.04916910971497397e-04
6.70588630244019019e-50
8.05455852349670955e-50
3.18511661899001361e-05
8.00822782958954175e-50
7.92788481077846967e-50
8.54631964557634665e-50
8.33475670501075136e-50
7.66669341456835100e-50
1.28723515852060236e-05
7.20627271653170366e-50
6.16485939017182192e-50
6.85623533934590209e-50
6.86529367994790818e-50
7.23072868747411611e-50
6.17294750082867806e-50
1.90996111060333285e-05
6.81742358461445557e-50
1.35434496765076968e-04
7.21229896912870020e-50
6.36193262281557642e-50
1.44985596065921762e-49
1.56605321806520671e-49
1.61377007311373465e-49
1.67577216501768303e-49
6.35370258435142708e-06
1.73525337063973252e-04
1.60868310047751361e-49
1.57879896454186061e-49
1.70191209912546860e-49
1.49318683333255234e-49
5.13992595336003055e-50
5.76950787929589476e-50
5.99112360862610476e-50
5.92241859521193576e-50
5.33002248051026414e-50
8.86930176190780844e-05
1.03764138062921245e-05
5.74084258274083538e-50
6.07488464711265384e-50
5.28115288584737829e-50
2.40218303167862591e-50
2.69435690867054516e-50
2.66694860947041728e-50
2.80353111815219529e-50
3.43166041052304880e-05
9.53288816505676220e-05
2.65259703373599611e-50
2.41594770433678786e-05
2.80358174064592213e-50
2.46712879291659238e-50
5.29316405374343372e-50
1.70372349925766905e-05
4.96017024770715025e-06
2.93630009687065399e-05
6.24073421852142774e-50
6.24378889287662504e-50
6.38661102434479183e-50
5.73994674900080798e-50
6.59040522267873486e-50
5.37637113755805804e-50
2.19804064640617201e-06
4.68732914340240793e-05
1.90236121341764061e-06
3.89717758035740212e-05
1.57027630153462552e-05
1.20154996238239627e-05
7.46332306219012979e-05
7.48027156199345776e-51
4.18100709802805160e-06
5.82757928011347052e-08
1.64535503199267834e-06
3.44909048168674842e-50
9.56553370900889843e-06
3.57652227156668809e-50
4.43495706783074241e-05
2.10941991405746172e-05
2.52964672917645650e-05
3.42846562167629009e-50
3.62886855938235495e-50
3.14078246952330244e-50
4.10604457348626165e-49
3.96088125665195424e-49
4.85470854138618668e-49
1.97998544928374916e-05
4.23090148716114669e-49
5.09923804623940882e-49
4.96120123981985404e-49
7.78679342022025396e-05
4.41968018354743503e-49
6.61671358112932335e-05
2.30858806334888886e-06
5.90205400755956691e-05
1.17669395010210616e-49
1.19713731512268881e-49
1.09292663930258227e-49
1.24082217135917820e-49
1.18116933441022162e-49
1.11766264288059300e-49
5.77278080613285481e-05
3.29676770090214327e-05
1.52698760924677881e-06
1.14280143157106446e-05
4.25733042875350937e-50
4.35412521469330295e-50
6.16153878212081976e-05
4.49235549402507108e-05
4.27074378088481859e-50
4.24907789613006934e-50
4.51233635326139759e-50
3.07892519160228688e-06
4.15251391857860615e-50
5.19306438624727843e-50
4.76695060308116472e-50
5.32708663162219259e-50
1.68107275785119956e-05
9.31497453824129632e-06
4.99568399632210890e-50
5.01818497684943196e-05
5.18214197728714912e-50
4.63843107566828044e-50
7.18295331886539660e-50
7.39410136041922112e-50
7.66928848089313876e-50
8.31213381802450199e-50
3.24718657263035261e-05
8.00864124614732519e-50
7.67002326009880297e-50
7.47108952637562889e-50
6.29005567738263410e-05
7.00012470910279521e-50
7.59602869098489110e-50
8.53760061237470044e-50
8.66125927470794371e-05
8.86497154244259263e-50
7.79394362189248147e-50
8.92003656912703614e-50
8.54189356673950496e-50
8.48100605848861696e-50
2.60915179956494271e-05
7.81521526076616899e-50
5.92379436755338155e-05
1.75973023951695747e-05
1.57671784730339996e-05
2.22824974773670072e-50
1.93816062788950872e-50
2.22640438266605414e-50
2.09405728416049418e-50
2.10455606551571951e-50
2.17378737117695389e-50
1.94269707240401869e-50
3.08784445693847012e-05
3.73988576359794143e-49
3.86030208235997088e-49
3.81668063564577331e-49
3.39974315330423266e-49
6.78401073747994824e-05
3.92261165445074771e-49
3.76855038724487567e-49
3.96938006447024300e-49
3.54177520677568103e-49
3.45635373758837427e-49
3.91192269319576278e-49
4.06623493452893064e-49
4.01192177862610151e-49
3.81573504224759155e-05
6.05109592037617291e-05
4.04031661900610412e-49
3.99488268565679642e-49
4.18444794670010524e-49
4.31926000521614650e-05
1.50980494804253554e-06
1.74535474406609504e-06
1.99693993773743374e-50
2.10495251275623298e-50
3.99136078184928998e-05
8.77553334098581691e-05
1.98867615052727172e-50
4.11238629718263152e-05
2.11371049128401699e-50
8.06135313318783352e-06
8.52459196963382437e-50
9.45921192160023078e-50
9.39927158132708778e-50
9.81182840673691359e-50
8.74803669562887771e-50
4.51278418625229952e-05
3.29960587398408592e-05
6.89542062259623722e-06
1.01078833242816488e-49
8.72527660610230404e-50
1.00483996382601173e-50
1.13219207137214880e-04
1.11723858710354818e-50
1.16026283530080495e-50
9.90086412222520885e-51
1.16360762308543678e-50
1.09632642662862579e-50
1.08130422471750249e-50
1.14613399802795244e-50
1.01990646346180693e-50
1.50049858498086289e-50
2.55972683972385538e-07
1.66444186303011090e-50
1.74382303278731805e-50
4.83494669052175196e-05
8.52918563982840418e-05
3.48100963762447673e-05
3.23841846842776775e-05
3.69873748230744931e-06
1.53529988242515187e-50
8.64528592085262362e-51
1.15347714278661800e-05
6.32278309692577552e-05
1.39944740862269576e-06
4.80174390897454248e-06
1.02446177713238024e-05
1.21963415766791098e-11
4.19888311323943854e-05
6.45447739580457039e-06
1.52042703574000471e-05
4.77577596976734324e-50
5.20422833076097973e-50
5.31595894729048143e-50
5.49620337614527381e-50
8.37036035060944044e-05
2.69377952536499227e-05
5.24929643154514268e-50
3.40239273064134217e-05
5.75072274269609122e-06
4.87022629448259472e-50
6.79697136254453163e-06
5.82237718554998518e-05
1.28056624935343464e-49
1.95612301311238787e-05
1.12169242407527179e-49
1.30429069426556054e-49
5.08963747555790168e-06
9.32200507521972906e-05
4.78061419769397155e-05
1.16218386198528287e-49
1.87771178321739646e-49
2.17251661080906052e-49
2.48097563261770301e-05
2.17022348433778364e-49
1.86325282614626865e-49
2.28060209678398619e-49
2.15467381712511348e-49
6.98697573318513292e-05
2.30072451999059338e-49
2.01539796335965199e-49
4.98748040354853141e-49
5.77143176029056114e-49
6.27726794764996121e-49
6.23045950270935577e-49
5.14846454264611060e-49
6.43370695180530846e-49
6.45536515453208964e-49
2.65778612806620412e-05
9.94867467528798039e-05
5.73998634100389973e-49
1.79115919402443014e-49
2.10746713870985162e-49
3.82485723815637670e-05
2.29131137637645536e-49
8.32172160907245238e-05
7.44278918515108663e-05
2.13775833116651412e-49
2.17510291405620447e-49
2.25954811209763760e-49
1.94797674420017041e-49
1.73389637375798347e-49
1.27792022396093984e-05
2.00279922951080631e-49
2.04851395653753190e-49
1.78394443302179770e-49
2.09577051771274408e-49
1.99851743073715307e-49
7.81044378705054347e-05
5.49272825282791781e-05
1.84105752681746786e-49
6.82070671650704006e-49
7.34250714180638008e-05
8.08177014874784032e-49
8.23794167946806139e-49
7.12299017275080692e-49
8.37433036331161433e-49
8.19879348221719510e-49
6.34933192606796032e-05
3.43216635925849030e-49
2.29953204745143195e-05
1.65135814874899708e-50
1.78859874988287765e-50
1.37699328711505820e-04
1.90665387526011754e-50
1.67935678336032357e-50
1.93136381395976579e-50
1.82966491621582205e-50
1.82929232184813045e-50
1.95413929603991693e-50
1.67072689253542902e-50
4.74533543693376294e-50
5.44152287110376868e-50
6.37559461083931560e-05
5.54048145475125221e-50
2.79611333829921094e-05
5.58874488839821593e-50
5.44638765496892278e-50
5.35466890074141796e-50
1.23899608170928234e-05
4.87152675506419073e-50
5.52624059676246748e-50
8.30446846530387235e-06
6.18384089173400596e-50
6.51131596203603451e-50
5.62470851627928784e-50
7.60876607047782468e-05
6.09209207945656180e-50
6.15426335287710251e-50
6.60628416009553669e-50
3.95419035254108677e-05
4.00494500979944384e-50
4.40341496824159468e-50
4.40127586241737815e-50
4.64160340693122690e-50
4.11988875765706505e-50
4.52463650898819251e-50
5.62820171067072531e-05
1.10626892582922011e-04
5.70095077258016237e-05
4.06137747492799916e-50
4.63142469114136391e-50
5.15681136042530216e-50
5.15343423615698385e-50
5.36717769548479274e-50
4.59081689399407779e-50
8.58878023476829352e-06
7.69788438087906531e-06
1.51075265249604588e-04
5.39065901015314706e-50
4.79856609386224778e-50
2.56102154859890322e-50
2.81134480427101512e-05
1.21569232944960746e-05
7.14220489402909829e-06
1.02908461161869513e-04
2.29482642395656407e-05
2.84824590379188391e-50
9.92662476045075366e-06
3.02485265079088842e-50
2.63230653118056278e-50
2.81595690732715797e-49
3.32866814121306156e-49
3.35086677149294547e-49
3.37259181280168433e-49
2.92049733391865987e-49
6.09258831783825018e-05
3.38866371111029199e-49
3.30605468894071005e-49
3.49222912452317575e-49
2.97653781478118075e-05
4.09396558406845308e-05
4.40997294792503606e-05
3.52060182496941157e-05
8.18161820326709682e-50
1.40004270818895609e-05
8.29445658427880883e-50
7.82774807015147047e-50
1.80648600879317280e-05
8.31408173931243222e-50
7.37194966047486304e-50
4.83268988731676006e-50
6.28613988433778464e-05
5.33274938515934644e-50
5.53939782061264983e-50
4.83853919340590501e-50
5.56787972793390938e-50
5.35806390168425708e-50
4.71512550335078921e-05
5.40015864419707362e-05
4.94771236071208577e-50
1.36232908315201809e-50
1.46905273634707094e-05
2.05133052730395316e-05
1.52119463222699072e-05
1.40473781438961003e-05
2.20465066151305825e-05
1.54201525756076912e-50
1.52334396342664049e-50
3.13888356768370290e-06
5.42018023738496181e-05
1.69276681027856589e-05
8.18134158570062811e-50
8.11945405818215119e-50
8.48749021828751990e-50
1.20837593137494600e-04
2.99046524170536805e-05
8.07339256319899907e-50
8.13351282618748411e-50
8.52120572404327216e-50
7.45431158047386910e-50
1.75611744381781783e-49
1.97415994145361346e-49
2.01080256536962028e-05
2.05769697898085245e-49
6.48464633056578584e-05
2.07314984382388161e-49
4.61415728645064464e-05
6.20287516748439604e-05
1.99871555832260899e-49
1.83118108722288573e-49
5.66591667095594939e-50
6.30624152568848404e-50
2.99050443915441981e-05
6.60846819163741958e-50
2.49021741666790713e-05
1.72927055611149108e-05
6.28670388812783981e-05
6.56017414794068428e-05
2.87335410489603245e-05
5.80730464884776594e-50
6.67215402637530386e-50
2.05665285795876748e-05
7.53113328837235358e-50
7.83898501331107717e-50
6.79161325998897836e-50
8.02927168238075566e-50
7.48815889379398893e-50
7.63244106698080353e-50
7.99922439964938508e-50
4.17771546211183822e-05
5.01855087506386169e-50
3.99683777328812363e-05
5.43570799381563597e-50
5.73260891459744724e-50
4.95368791862398323e-50
5.87942767385423108e-50
5.46854138090299317e-50
2.93253459276958355e-05
4.18481492497496405e-05
5.05684202394641973e-50
2.33230148927129957e-50
3.50058971128843806e-05
2.58863585760781088e-50
6.07796936816513747e-05
1.55684411834227456e-05
9.29112016753819866e-06
1.65348022451987830e-06
2.55679947781768117e-50
2.76697074742648388e-50
7.97727916370800240e-06
4.87965817472079359e-50
6.25871195157875413e-05
1.93028005970724379e-05
5.57380824284388839e-50
5.00261909611550328e-50
5.64021593427398709e-50
5.43016290530767263e-50
5.52627644709270417e-50
2.07768254138772784e-05
5.04786187758616384e-50
1.02223800851761259e-50
1.15523706374926440e-50
2.85166885009907773e-05
1.20792839210915032e-50
8.20708788504280115e-05
3.01985380470019899e-05
1.13362647952562199e-50
2.35052664854988994e-05
1.19580784520029192e-50
1.04732829378353121e-50
6.51247772970523840e-50
7.33646243680020704e-50
4.40420790797119453e-05
7.54781870659151988e-50
6.59111466536307070e-50
6.38121672816151871e-05
7.22121534214405312e-50
2.30402464071262667e-05
5.54062262426421043e-05
6.67581160764814121e-50
4.66911480505213947e-49
5.55436976720099437e-49
5.40627184344895608e-49
5.54536394659143329e-49
5.06639657838595418e-49
5.56827191643692295e-49
4.80096699224018142e-05
4.68840643697265405e-49
1.28975568605999122e-04
4.94073882535660449e-49
1.32697530394609045e-05
1.00759490683827692e-04
1.39609798230100227e-49
8.12237008235283416e-06
1.26391821870645822e-49
1.44732250946428860e-49
1.38476425330105378e-49
1.38171897971805272e-49
2.83994018231942999e-05
1.27448178970234747e-49
1.51316161347630134e-49
8.13245855898861480e-05
1.73103789796990147e-49
1.00054114428755684e-05
1.59030374521289279e-49
2.52694462710059501e-05
1.70751570574339365e-49
1.67455540437057617e-49
1.75072972476722342e-49
1.63688375538707312e-49
5.75284903811744568e-50
6.49773104395162587e-50
6.60100004456106300e-05
6.69795295091992651e-50
5.76201285477366451e-50
6.85820227499955709e-50
6.37587118180745683e-50
6.19814469986045519e-50
6.92270317305508512e-05
5.93472732951974421e-50
1.04732097473370141e-50
3.68071916468630064e-05
1.14850335454408430e-50
1.20332906396041091e-50
3.30001369158958190e-05
6.90789119573145604e-06
1.15083145045867427e-50
1.41521033264962188e-12
4.16152232366658273e-05
1.05827852324389812e-50
