5.26745666853355786e-50
6.00663363351643083e-50
5.89993912118752691e-50
6.20629894249464993e-50
5.58429813035468531e-50
4.43764973265636353e-05
5.92801228879653830e-50
1.02194757785861626e-04
6.18004942391927115e-50
5.52027910606672047e-50
4.31752452837003373e-49
5.15780307587107687e-49
4.95231713261940290e-49
5.51608441468795131e-49
4.56786397154584315e-49
7.66861437976000928e-05
5.00325287080584864e-49
8.24292326918998940e-05
5.14057801725355935e-49
6.99227129186612924e-05
4.19705921532195517e-05
2.82636776703193473e-50
2.92996679390058083e-50
3.10563119982472599e-50
2.71369678341780223e-50
3.02485597642355865e-50
2.90892158809848289e-50
9.16348599124312704e-05
2.86594880180388091e-50
2.66439944577769847e-50
5.72055120235999454e-51
4.90432920649455634e-06
1.29328554348351527e-05
2.88112524344241490e-05
7.15936598393270479e-05
1.20243987976748441e-05
4.09379088466163511e-05
6.39102651898351343e-51
3.61132657879537125e-06
2.00722767312645416e-05
3.27750609185003247e-50
3.76554384113557840e-50
3.72201119519412142e-50
3.87070500391725693e-50
3.42367456801825499e-50
7.93599538853886563e-05
1.25640067565341637e-04
3.59607880058978893e-50
1.20810798341787508e-05
9.68290038883529074e-06
3.84148926418109742e-05
7.84125054991498183e-50
7.98227677985146770e-05
8.16369604034742196e-50
3.84015950441868710e-05
1.21970316191618010e-05
7.86147184451339683e-50
7.75402748367286208e-50
8.04028212605320021e-50
7.25229040294795534e-50
3.46750037235319272e-49
4.01777404351887520e-49
4.30211328566785851e-49
4.15858379027276769e-49
9.16417319491314174e-05
4.91489670110382850e-49
4.36412044005341329e-49
6.73720314925285876e-05
4.14585203493106676e-49
4.05857162207040823e-49
5.87535004032093658e-50
6.68732910996025396e-50
3.38398271508414921e-05
6.89622786293512218e-50
6.05139765627036456e-50
2.44560415007442314e-05
3.18202492822120840e-05
1.98949034248644823e-04
6.79517644911424394e-50
6.01312539629096571e-50
4.43076114468196589e-50
4.99896605688665169e-50
4.88544575670050070e-50
1.20474824108387122e-04
4.55037795584066456e-50
1.20527671207995671e-05
4.89411025092316166e-50
2.62241327622664870e-05
5.11427682936177669e-50
7.27099827292743248e-05
9.14907840251614014e-50
1.07616223184040508e-49
9.21506549784381347e-05
1.20509513707078375e-49
1.82349828246367471e-05
1.10926184602577472e-49
4.65292525332586558e-05
1.04648445784996734e-49
1.09764499773394435e-49
9.76648424747599468e-50
1.14334008689252471e-49
1.29018199516492386e-49
1.27685648046066706e-49
1.33806575100695384e-49
1.14632797741911713e-49
1.34242266248185714e-49
1.25399559152848242e-49
8.67544063759407679e-05
2.01222896284995128e-05
1.17172755069293598e-49
9.58368102234635793e-05
3.84994318494708443e-49
3.89235252764257407e-49
3.97428774898375578e-49
3.38340357340745180e-49
8.07596889404206124e-05
3.94706904613290601e-49
3.85080507179838937e-49
3.99953831576814444e-49
5.44787375887174482e-05
5.73569799976262700e-06
4.59966240086872140e-06
4.27396257799475803e-05
3.42011865288210890e-05
4.75158811084263547e-05
4.56536590462474102e-05
7.06494508484318645e-05
2.77675210941994721e-50
3.69168931997043512e-06
1.29257363010288949e-05
4.51808256353816415e-50
1.80567518458393209e-05
5.05446140344982718e-50
5.34840275450360491e-50
1.02262064244808940e-04
5.18322978744178090e-50
5.11540015631945254e-05
5.07018228805391141e-05
5.20045681910684309e-50
4.84541087868401547e-50
3.59731551226290710e-49
1.01395517417928165e-04
4.05479929088087385e-49
4.17043390171895931e-49
4.09056248898409582e-05
9.30112882335868270e-05
7.02836773820552101e-05
3.03239067507725287e-49
4.13428856099419650e-49
2.67689774776031198e-05
2.17146265883719483e-50
1.41753512361139921e-04
7.03304237802833795e-05
2.52844852332529940e-50
1.28973806449597595e-05
2.55040008345103133e-50
2.39228059423168960e-50
2.24332996283878021e-05
2.49994429667567601e-50
2.23626424915403288e-50
3.98827209225910943e-50
5.18204091277575465e-05
3.05050252645510742e-07
3.28653006091986710e-05
6.80820143197110016e-05
4.71337845806983686e-50
4.50345031601415666e-50
3.29367852381500133e-05
4.90261497338332641e-50
4.13929384802801413e-50
2.94631282888093367e-05
4.07488303561522996e-49
4.13623907854580391e-49
4.55258952537468998e-49
3.86809705085246923e-49
8.81245263518592049e-05
9.84334787801375904e-05
4.96180107756462122e-06
5.79168859233978938e-05
3.86619151197351389e-49
3.70679436190836746e-06
3.83415771338154685e-50
3.95942405298572931e-50
9.42803048243887786e-05
3.57387693498732300e-50
3.97715592994787257e-50
4.36891755039020891e-05
4.29149272584242603e-06
2.29811279661356829e-05
3.52832954730740094e-50
6.73801807168537811e-06
3.18418124425852284e-05
1.95148097329365117e-50
2.01122223535861114e-50
1.67197923017652150e-05
5.95340819479686504e-05
1.91972147658362010e-50
1.80341706551134313e-06
9.66216070645945521e-06
2.88122050609630605e-05
2.91969262860095846e-50
3.61287479449957030e-05
3.29203380540803581e-50
3.46741510850349709e-50
5.91115101294466502e-05
4.39350496831079885e-05
3.27650383233048710e-50
3.01169664088109383e-05
3.41388563989395474e-50
6.93921447030565095e-07
7.21405821627313625e-05
1.21801189333547480e-48
5.00783944911060725e-05
1.27478923372904475e-48
1.14029746161015345e-48
1.31683940967322415e-48
1.27913220990616771e-48
1.25442597837889795e-48
1.11885050924318436e-04
1.16427064937803495e-48
8.37945109607919506e-50
9.69883224238197801e-50
4.22861874881344890e-05
9.99605936056449361e-50
8.77514389084308580e-50
9.83395107632088769e-50
9.55330972473122939e-50
9.02076527497289692e-05
3.81732157711452564e-05
8.66102131288975526e-50
3.35372419332193180e-50
3.77577789272028660e-50
3.78422656851264665e-50
3.95894631060673433e-50
1.25921049309752790e-04
3.90878244629722284e-50
3.75284404310682923e-50
9.75853230707292079e-05
3.90726534733843053e-50
2.53005229717907627e-05
1.14313177387585802e-49
1.81519896530759768e-05
1.40464474954302796e-49
1.91780471381370514e-49
1.81031127968037671e-05
1.48133802285533147e-49
1.43096438691238951e-49
2.79980195849329815e-05
1.45717686997408395e-49
5.66291052545783781e-06
6.43571162657418535e-49
7.36912130924406259e-49
7.61933275232718843e-05
7.42131558040934893e-49
6.59082947034877431e-49
7.74029793276867208e-49
7.49606210984883621e-49
3.95771377419873938e-49
1.57659544788874565e-04
6.86452627950264934e-49
1.50231193235909815e-49
5.42769189707546974e-05
1.75906100610009750e-49
1.74808279600219583e-49
2.11193366093857224e-05
1.63139426703667379e-05
1.71516120328464615e-49
1.65230140623153949e-49
1.80867950246103259e-49
7.89889780493245635e-05
3.09747117610657161e-06
2.20169586108101959e-50
8.92462146854697620e-06
6.29217683025866575e-06
1.22247483456103625e-04
2.16173816118833048e-05
2.05001129205566030e-05
2.15290448270980057e-50
1.16049361090321594e-05
8.87921067060227473e-06
3.39336152448033680e-05
1.71291076019564403e-49
3.70258031292739697e-06
1.79903739271843950e-49
4.32316686394111931e-05
1.87911745511611594e-49
1.88503263894447574e-49
1.64817615568404647e-49
1.67570892879215222e-49
1.47285591432073084e-49
3.04137692765303195e-50
3.46550610611135444e-50
3.44914328430155431e-50
3.60845159703219923e-50
6.93909524756884606e-05
1.92971326922189265e-06
3.42437367192579232e-50
4.78062279403164455e-05
3.50751068091808512e-50
3.16634459753444699e-50
5.47742213313717454e-50
6.00724381963082516e-50
5.88347121498274059e-50
6.33688459940211024e-50
5.75945945845428040e-50
6.09081469350521739e-50
6.00775601626721462e-50
4.88638584006546647e-05
1.93459433599584262e-05
5.47375740891981114e-50
5.64483831126448079e-50
6.47088829318142388e-50
6.31272537932285207e-50
9.43023520846071791e-06
1.13771112746487160e-04
6.57460769492011218e-50
2.00552033829749820e-05
6.34326134779685439e-50
6.57094120390620725e-50
5.83968316657024061e-50
1.57444138030978549e-50
5.98839418808886135e-05
1.77561551953697535e-50
1.86042053635977595e-50
1.68064267612999498e-50
1.83612315047332483e-50
1.74935669450796759e-50
1.76009552888147343e-50
1.83756950860281635e-50
4.02236516343109073e-05
4.92633058318966439e-49
5.75610951810925179e-49
4.65010946991844894e-05
6.16149333199356713e-49
5.41891292201415409e-49
6.25250696378385705e-49
6.28909543175611564e-49
6.01436380320143122e-49
6.86434596580372865e-05
5.66202708870959553e-49
2.40241120977284760e-50
2.71850325922986054e-50
2.68549610235040733e-50
2.96039942060468191e-05
4.81407936040054244e-05
8.89236794021527980e-05
1.24813386941267536e-05
2.67758814600521037e-50
2.77997066022319120e-50
2.72373548359230246e-05
1.08135861700407016e-49
1.32018479925249222e-04
1.24851798824099692e-49
1.26996697462831107e-49
1.72464114883183852e-05
1.33386686380835701e-49
1.23567066868312241e-49
1.24073166337804758e-49
1.28359070655125875e-49
1.14720809048236475e-49
2.70844583824874933e-50
5.01915212830392708e-05
2.12755861255579724e-05
2.49582252714712739e-05
8.32133185410586877e-05
4.12054189726429387e-05
3.02271234640011808e-50
3.05553232430443570e-50
3.08179604579286197e-50
2.81844524862705887e-50
1.60372124347672830e-50
7.83557540423182543e-05
1.79344126978264223e-50
1.89719375206166422e-50
1.67475145347772066e-50
1.90135483959426452e-50
3.74262499251866088e-05
1.79935277452894906e-50
1.89355279574962214e-50
3.04487715086805352e-06
6.25300133002210713e-49
9.62270026507704168e-05
7.38560856093236447e-49
5.87917800895659690e-05
6.44698736322441476e-49
7.71815818714705690e-49
7.49539219417302242e-49
7.15859538553732544e-49
7.56264153417460961e-49
6.76317000960601270e-49
9.23181922123599337e-50
1.06949537766136736e-49
1.04573188311589816e-49
1.09510912072355531e-49
9.52353253299724419e-50
1.18828276859954682e-05
5.54339152206508281e-05
1.23008183797672528e-04
1.06624181705182190e-49
9.62076652034977951e-50
3.05433327921517808e-50
3.46090344756906891e-50
3.41597272091981588e-50
1.61590622310932328e-05
8.09499575529493539e-05
4.57754032526869200e-05
6.58167797963695340e-05
5.77025737101198138e-06
3.55503701824003812e-50
3.17256447000872503e-50
2.43452973394078161e-49
7.82288474108105194e-05
2.81195881821362260e-49
2.91964207078804991e-49
3.14228954226457644e-05
2.94789142111698211e-49
2.83186984512778649e-49
1.36725295649165702e-05
2.92314656034850936e-49
2.65635089837640581e-49
1.53172493286948499e-49
1.71861633972434590e-49
2.86404303231932542e-05
2.95856984570972759e-05
1.60153586750210539e-49
8.92814041062312669e-05
1.73073320333176000e-49
7.18986315138285710e-05
1.79667395333149401e-49
1.57676370990940849e-49
3.08225993633254914e-49
3.37005542880319737e-49
3.51601775719509454e-49
3.56871724700946328e-49
3.15732395167589794e-49
3.69803355529009591e-49
6.87832117429035609e-05
3.27425054888883833e-05
3.29796844014245875e-49
1.96469478863109239e-05
7.33056558721927281e-05
6.04584981313590605e-05
1.11551050292923260e-49
1.15432649244735895e-49
1.14652468746835661e-05
1.15959634067195113e-49
1.10255169227447234e-49
1.10137364411607165e-49
1.17880555228708163e-49
1.01297150425607208e-49
4.50974253708187980e-50
5.38652912587170135e-50
5.23033809972354010e-50
5.57656917058603543e-50
4.93819641255107534e-50
5.60318835759196289e-50
5.27135144894733992e-50
7.35887511285352797e-05
5.43332247877923774e-50
4.88804958235270015e-50
4.43628589164022218e-05
3.56192164902162999e-49
3.60372277950249926e-49
3.97008428044248342e-49
3.32142270299363691e-49
1.29218680383687550e-04
3.58570506272414329e-49
3.52026522155472800e-49
3.68068733039709670e-49
3.28731593139718050e-49
7.58527059086507250e-06
1.13645806351332507e-05
1.79773806968188766e-06
7.09647478940402198e-50
1.31957593616545226e-04
7.12634748952881455e-50
6.76263356162504936e-50
2.70002246303884095e-05
7.13169941030809980e-50
6.23579929738836529e-50
1.41844214147385126e-49
1.62330138586959686e-49
1.62076084485532870e-49
1.68563785351682473e-49
7.87140735225385404e-05
1.69918625782667605e-49
1.63604867142297268e-49
1.55733928177514965e-05
1.62215448168208878e-49
4.34546734093576017e-05
1.44761522819786454e-49
1.70201467591353469e-49
1.70748094064125189e-49
1.72956560371532783e-49
5.45903827560399475e-05
1.75740517405329888e-49
2.59487370936810772e-05
5.56858757956575461e-05
1.74617372672489715e-49
1.56375657096954757e-49
4.77179505012898084e-05
7.00034511606852502e-49
7.74801210734978943e-49
7.64721169162532097e-49
2.36056399769554074e-05
4.10997226543120562e-05
7.76686718686569115e-49
4.78378746453155478e-05
7.84966267848501371e-49
7.03814373410862010e-49
2.96655738302245361e-48
2.34220595079329993e-48
3.86134738085520774e-48
3.67218691254306346e-48
3.17939023412590017e-48
3.91842361992603139e-48
4.01871190290128346e-48
9.45307447363616957e-05
3.84777959520530209e-48
3.51013201819379731e-48
4.34477163702166048e-05
5.88203833720523411e-05
2.68786249810705404e-05
6.86158716147936703e-50
5.55871188749551353e-05
6.76114987567627372e-50
6.47165711111105567e-50
6.44147814303369794e-05
6.87423029693882390e-50
5.97783615334159693e-50
3.78998840881997299e-50
4.08139220310578526e-50
4.98930091337109112e-06
4.37340071428990299e-50
1.34659187381445998e-04
4.43954749621700677e-50
1.45433831482890134e-05
4.21345889015773361e-50
4.53547519308926405e-50
3.86033086947518077e-50
3.29407893036084608e-50
3.69716039145453402e-50
7.71632268345055074e-06
3.88170704968175372e-50
3.50366877548640225e-50
3.78791154653190256e-50
2.73942011127316747e-05
2.12198212767462684e-06
1.66213671324860925e-04
3.38845969422799300e-50
8.33386959552295293e-06
1.53931521576637218e-50
5.27333750099190698e-06
4.94181675569048915e-06
2.30472700697679050e-05
1.07337848994555545e-04
9.35143915942965430e-06
2.22744022270883644e-05
1.89366209465641049e-05
6.57363376560049938e-06
6.33169798964060976e-05
4.95827110093372465e-49
4.95238187529904772e-49
4.96621407832296619e-49
3.24696839761954008e-05
5.08446418946842782e-49
5.01322725671936782e-49
4.34390127339108315e-49
5.06387261526040461e-49
1.42806767273958569e-05
8.94941437799100677e-50
1.00308992086357256e-49
1.00883428594018117e-49
1.04692042263294137e-49
5.72913711390698189e-05
8.17586669293806339e-06
9.99589875272458607e-50
3.62625855895392813e-05
4.41898400471681319e-05
8.15977273963535029e-05
2.78877534279986419e-50
4.59443211840890711e-06
3.13169246546082827e-50
8.42586285939968060e-05
2.94256095253832696e-50
3.25410934674002828e-50
1.00454618012290239e-04
4.36024276931411503e-05
3.24359476166042728e-50
9.55490317017543328e-06
2.43460627093068587e-50
2.78860424470889434e-50
1.34211898511375159e-04
2.86436952012575030e-50
3.10558442288294494e-05
2.83357220921865175e-50
2.72351016574791689e-50
2.66761828028611758e-50
2.79707177365176648e-50
2.50368720102950593e-50
3.19792767216329155e-51
3.92504935476692544e-06
3.59039046178002531e-51
6.23816752600066948e-05
3.28488806712074603e-51
3.72163964463782242e-51
3.53256153228408342e-51
3.52624675420290878e-51
3.70326776636722983e-51
3.30460582504557411e-51
4.89057661594176748e-50
5.58585322942106805e-50
5.07684557691464894e-05
1.06659427845776087e-05
1.15866107533298318e-05
4.56713387794168159e-05
9.21976856970090319e-05
5.51031467637338478e-50
4.72353870983054542e-05
5.09805420869592820e-50
3.20793332082490138e-50
3.66936445133871245e-50
3.52143485838306345e-50
3.73019935212312650e-50
3.28047156107641569e-50
1.84496019712521312e-05
3.54014314884496156e-50
1.48437878062852423e-04
3.51069727478803311e-50
3.27189168004393954e-50
7.40136490958731966e-50
2.14118628429760052e-05
8.75364929038143190e-50
7.22475404390689863e-05
8.38492091754541320e-50
8.89021572441855275e-06
8.30597434784566274e-50
8.11125977891472783e-50
2.41236088592022687e-05
7.87670086349676155e-50
3.37506857000135412e-05
1.78930844864914848e-48
1.94196151554199933e-48
1.88540822632674574e-48
1.10215883364909542e-04
1.93408311825527252e-48
1.97725692336003153e-48
1.88378686247636522e-48
1.95303838756573603e-48
1.75054168469297617e-48
1.13650925257717612e-49
1.05343850838870195e-04
1.28276359865751261e-49
1.31002809061343434e-49
1.17322894031292948e-49
1.32825892795018112e-49
4.85166739828474250e-05
3.50032524519794635e-05
2.77608152618888734e-05
1.18102215110204367e-49
3.52212446153478143e-05
2.47220267458632739e-49
2.58951284009609306e-49
2.94942447586844455e-49
2.60201678555579252e-49
2.78570981999917787e-49
2.58656436359304961e-49
3.79493765229424755e-05
5.97711685018360473e-05
8.35621491719641392e-05
3.09666099855719153e-50
3.65908178048674564e-50
1.02448300555057549e-05
3.61650240725238591e-50
9.55611668416969678e-05
1.40563160429034961e-05
3.41434365975006002e-50
3.45483375198708113e-50
3.52521142111357942e-50
3.18214247529607707e-50
1.11699206572636110e-49
1.31334173226869147e-49
1.27465011654624097e-49
3.48170161572240188e-05
5.92508729590511188e-05
1.34080274055987019e-49
1.28307799805327322e-49
1.27091978758668466e-49
2.79209569783560126e-05
1.17261035629497301e-49
3.43813190631213032e-49
3.99746980301084471e-49
4.16759140428746513e-49
4.14163548953561811e-49
3.68834344729844848e-05
4.24505160043387685e-49
4.13533335015850229e-49
7.31833290355280656e-05
4.17244635494564906e-49
3.75071744569607451e-49
6.15594886942024595e-50
7.47628378871609434e-50
7.59323964004432653e-50
2.31587429605255592e-06
6.93320157640709249e-50
8.79339101806041272e-50
1.77958973200519703e-05
7.59982571991427665e-50
1.55286628936081502e-05
6.12837916279047208e-50
6.26422848574300512e-49
7.19394784840696463e-49
7.32898949189197796e-49
7.82096221625256622e-49
6.63978670951584860e-49
8.23688770566968834e-49
7.25979701501905159e-49
1.23523735951983088e-04
8.69233125110692306e-49
6.71351097735761221e-49
9.68748008315752020e-05
1.24089819311157109e-50
1.22201399084712120e-50
3.82494889649856741e-05
1.74747160783197878e-05
1.27008583903525192e-50
7.10346825445513630e-06
1.21889977666950142e-50
1.09863769679511794e-05
1.12001393090509741e-50
3.46116495710160976e-50
8.41191055436815271e-05
3.84841334546566412e-50
3.98079556013276047e-50
3.69929166226344866e-50
4.01742187207100200e-50
3.85985215856991232e-50
8.36207598512406362e-06
4.13257720709988883e-50
3.49373911110052063e-50
9.17322709370957566e-50
1.04605227372442780e-49
1.03627416618457611e-49
4.62026913310994864e-05
4.64161897772115482e-05
1.08380561889023860e-49
7.03310222578697159e-05
1.02586052395035746e-49
1.08432797962042110e-49
2.91648936272870340e-05
6.87868071571195970e-49
4.58381560491183266e-05
8.44051552159483957e-49
8.41738551116832150e-49
7.50567667908953491e-49
8.81135590675840452e-49
1.00670506789716431e-04
2.63449416246582481e-05
8.60698548486042525e-49
7.65282536041283583e-49
2.66716118805955441e-50
3.04745416677193183e-50
5.06826476172788485e-05
3.21580384063611275e-50
2.81277421143092060e-50
3.15422034079526788e-50
1.50244053475870003e-05
3.26459602073790183e-05
7.30334165953934532e-05
2.76221639716114548e-50
6.64619878609356089e-50
7.46479497304007443e-50
7.43492146200788020e-50
7.70442392329957115e-50
1.85232945978942177e-05
9.75704545456890061e-50
7.50060174669263057e-50
6.00001573183395364e-05
7.68611209353071829e-50
7.02650379864319340e-50
5.80644921103636269e-05
5.62102605602822498e-50
5.56166620826292713e-50
5.90451807553462593e-50
6.57092143564963157e-05
2.78110886916754420e-05
1.10903901926175582e-04
6.55408265601528954e-05
4.60736936924494733e-10
5.18597862855858219e-50
2.64830102236753918e-05
7.02967169664423450e-49
2.05971015852141916e-05
7.76111761152123302e-49
5.29182608080776937e-05
3.78221204246295965e-05
8.20615256661450055e-49
2.62475076822261548e-05
8.51078903887349923e-49
7.34272968421374196e-49
3.45584906695596595e-50
3.78670213394931152e-50
3.77206997717670968e-50
3.94811917854935137e-50
3.53125090119507828e-50
3.88592124911680605e-50
5.56182907144570106e-06
1.65543188134240239e-04
3.78104486629294597e-05
3.46253925557695489e-50
2.42159709496471698e-50
2.76023635177138156e-50
1.59620419899307429e-04
2.84499825636351667e-50
3.76397799486828785e-05
2.81097781896695066e-50
2.72900075709165212e-50
2.71541061508888330e-50
2.80987435793487157e-50
9.47343903840994717e-06
2.12549038484287962e-49
8.51632334794192675e-05
2.39975165343294664e-49
2.48591984984754286e-49
2.27940583513118528e-49
2.58729659268540829e-49
1.24489327102646951e-04
2.46451042561244939e-49
2.52158046434986529e-49
2.32762627917803668e-05
2.94574499147117183e-50
3.35931611818403577e-50
3.28582557377007636e-50
3.42608234930490044e-50
6.35689648615272621e-05
1.12108534469318824e-04
3.28581871643224705e-50
1.47147914619057285e-05
3.41318072452364461e-50
3.00337727698484346e-50
4.72379552333245911e-06
1.58795643810200308e-50
1.60249261131281341e-50
1.69856672176316116e-50
1.50353781607881138e-50
1.17371065127160309e-04
3.69255667237893117e-06
3.67993722952558738e-05
3.46324901384330046e-06
1.02157955716534688e-05
2.59376079790253806e-50
2.94408054285835254e-50
2.86916466016440993e-50
3.02339095212054071e-50
2.67066166229197219e-50
1.80000885972652431e-04
2.86230517766976082e-50
2.45419466452162807e-05
2.97365113688585468e-50
3.48731087130792760e-06
6.44482017866800783e-49
7.42914956175997529e-49
7.66245407192233072e-49
7.80894838196865966e-49
6.98394462967459578e-49
8.18157193492050284e-05
5.27928321969228627e-05
4.04963037298200558e-05
7.85954882638749078e-49
7.04523317883468860e-49
3.38004217058806799e-05
2.44271469437817326e-05
1.86682570538379930e-49
1.85777837095915498e-49
4.75705037620027549e-05
4.24229065605886033e-05
1.81121666130487517e-05
6.81559739756776216e-06
1.91543293203792469e-49
1.68706843049059788e-49
3.27276657385946705e-50
2.20899141458957450e-05
3.62678814346380113e-50
3.85950518463701470e-50
3.52042474006159157e-50
3.81002719930626316e-50
3.63275101165462922e-50
1.75413381153938350e-04
3.78990935126038058e-50
3.37285040992444860e-50
1.02837174344080898e-04
5.27879120801404767e-49
5.48741508624025896e-49
5.56433702679369596e-05
5.15650458717531727e-49
5.99634309406558718e-49
5.50851258447335918e-49
5.70923662989384687e-49
6.06528755292993728e-49
5.01038796640302201e-49
1.58934520933021330e-49
1.79758340339961854e-49
1.15100210461776959e-04
1.87800257510849519e-49
1.68420686237354060e-49
3.66975307186716035e-05
1.83142353791287013e-49
1.78791868292865944e-49
1.23922198668533444e-04
1.61886340110591744e-49
3.34227983499610362e-05
4.41560907125589672e-05
3.20993667422105262e-05
1.52601423567008560e-05
4.17821976488838106e-06
2.86255020474447966e-05
1.58984926002859801e-05
9.02264959910625758e-06
1.38953412960645656e-05
2.47922445443277359e-05
6.91001411422740555e-05
3.25725759526536239e-49
3.27602998940752402e-49
3.36163091132074883e-49
2.52706566715061295e-05
3.41237464280543673e-49
3.31109865384866425e-49
3.32971259973422772e-49
3.34278730437749877e-49
3.05196316448424138e-49
8.74414985247971594e-05
1.14646162180370424e-04
6.75360929975248156e-49
6.79044532173155837e-49
1.95648998196142103e-49
6.97180991189614647e-49
6.85892295335193654e-49
6.65670139516875464e-49
6.93512286742459877e-49
6.32889592271908041e-49
1.38921937109686457e-05
1.37593166986701860e-49
1.33187855307759340e-49
4.56142254054907006e-05
1.27822988629058790e-49
1.40346508484220927e-49
1.53445425425558516e-05
8.22199584015963458e-05
3.38743107215618510e-05
1.23824331937878296e-49
1.72932147204862416e-07
1.18842742786446335e-05
2.52805845844348674e-05
8.27796933493095202e-06
2.89150813221077123e-05
1.58240847976543817e-05
2.42682945941812488e-05
1.20422736603488656e-50
5.40886313409412007e-06
1.06316823515006814e-04
2.90471502189087784e-49
5.70739741061004364e-49
5.93209008693451271e-49
5.93988645151301537e-49
5.95959485368802195e-49
1.76511385521589226e-04
6.01281089958105784e-49
5.06543613107218266e-05
6.07372303215733116e-49
5.44082730731220159e-49
3.72006265105060092e-49
4.44562667803067218e-49
4.45535924404539749e-49
2.63848581744052397e-06
4.62508582104917258e-05
8.92901509849395512e-05
4.50314872057228686e-49
4.57152095759791086e-49
3.24574449226009771e-05
4.05393747498707218e-49
2.26090370353510618e-50
3.81634275272276587e-06
2.54527420974446881e-50
2.66817792411110944e-50
2.36635258063957583e-50
4.48331573800079947e-05
2.56364710674120842e-50
7.02921573156283761e-05
2.69805185171322400e-50
9.37440401780658463e-06
7.12804446881567360e-50
5.26212634463009239e-06
2.21865617288563761e-05
8.62757011493290556e-50
7.45788327096503524e-50
8.35223464709510974e-50
8.19412767775922235e-50
1.55536063640810730e-04
8.32411189901600913e-50
7.45442933377098212e-50
