2.13345317676763611e-51
2.39248355887991790e-51
2.27855356307494936e-51
2.53204030763313935e-51
6.82405189798367537e-06
2.73694288187403349e-05
4.76400222682820538e-07
1.54187673135149748e-06
2.37258128419161961e-51
2.11082286777872290e-51
2.09223297343768292e-50
9.30542368588255595e-06
2.34910021171352279e-50
2.54049579251904206e-50
5.68342198979628605e-06
2.31564139328715919e-50
2.37690172498948551e-50
2.29763264033620241e-50
2.38972200197736636e-50
2.13008054966526856e-50
2.13744045281225599e-05
2.81674555138065380e-05
1.01702467582390449e-50
1.12385303073556181e-50
9.98657138371705285e-51
1.03333958738436896e-50
1.05367285652205557e-50
1.00407460189270105e-50
1.05719646759992945e-50
9.35054793647926720e-51
5.13687707044941440e-51
5.82068033266793813e-51
5.81744673299867181e-51
5.85596900337608231e-51
2.80857771293972847e-05
5.85175758817455989e-51
5.98883897952746712e-51
5.61150558134214591e-51
5.83600167610314012e-51
5.15657967536657449e-51
5.37835584868792922e-51
1.51319968772761070e-05
5.81601538575131027e-51
6.24903086537540765e-51
5.31145828406428676e-51
5.84364139793090767e-51
5.92320855142569949e-51
5.70299637033398757e-51
5.91960743673121954e-51
5.17765168512957695e-51
3.85717116501714455e-50
3.76377087104412704e-05
8.23442226334586416e-06
4.70511823609886798e-50
3.96118812145950669e-50
4.45887648313359532e-50
4.45015719485473472e-50
4.24727572167064282e-50
4.42546542351722827e-50
3.94354227995909820e-50
2.39913854606931979e-06
2.72934466051125324e-05
6.24629109042058136e-51
6.89318966202104213e-51
3.75705442932635646e-06
6.63114817408247825e-51
6.47599178427868905e-51
2.67910482282132107e-06
6.52902676439994416e-51
5.72217667184504644e-51
1.48248216402902340e-50
1.67249885698145523e-50
1.55929242400036733e-50
1.75873851458903763e-50
1.49554204702884720e-50
1.20029862186637239e-05
1.65749299338517023e-50
1.25785151460081879e-05
1.68028133132066385e-50
1.47998652316777772e-50
2.06000774831561176e-50
2.19892839088073368e-50
2.19088201867209195e-50
2.39746232886304534e-50
2.04731808407756443e-50
2.22517357606760594e-05
2.28094538878109268e-50
1.85579970459552501e-05
2.31153479955861038e-50
2.01530431698849392e-50
1.62406309912139119e-50
1.83438275786969561e-50
1.75004236869372396e-50
1.92504585535006340e-50
2.18149314973463877e-05
7.09529581123255270e-06
1.82435136779749889e-50
1.73666642314164789e-50
1.87750867835277632e-50
1.58352668512542358e-50
1.10431166486181015e-50
1.23566531568564820e-50
2.17262132565606717e-06
1.27526904981771275e-50
1.10751127571643753e-50
1.60969097370914347e-05
1.22871635911614745e-50
2.64658828880013772e-05
1.22252287183770433e-50
1.08909361026584817e-50
6.15429811047894347e-51
7.07884193727528180e-51
6.80096895321273046e-51
7.32859915146208925e-51
2.44696573015532393e-05
6.86138527920689415e-51
8.39908233047556055e-06
1.77064171945738529e-05
6.94584289365996881e-51
6.15911753049068804e-51
5.90372205572467901e-06
2.21772842044235056e-05
1.58971223574940517e-50
2.21863369175259190e-06
5.33067153683794993e-06
1.63442342543323526e-50
2.10589017932345054e-05
5.65742888090275499e-06
5.48111803190548648e-06
3.66446077119394632e-06
6.98163326763435554e-07
6.61975826008449780e-06
2.83904319124093225e-51
2.90190948765430211e-05
1.90002893348664102e-06
1.39550287184933006e-06
3.30942637886478189e-06
1.69435568010943601e-06
1.69304838985502006e-06
4.00565092530301185e-06
2.38422136521079206e-06
1.76819617124301677e-06
2.79342031899525997e-51
2.79876029891075817e-06
2.53414481084504205e-51
5.55270621513826754e-06
2.88583598893953992e-51
1.01998315641109409e-05
2.84612863527776458e-51
2.10611870925936729e-05
1.01686926120389165e-50
6.91173258473742929e-06
1.14225364700000559e-50
1.23502263923261378e-50
1.08154461752568129e-50
1.18217058963583943e-50
1.21262730096182224e-50
1.09866025587009868e-50
1.20350057018464891e-50
3.48708964583180505e-06
6.34433903736238434e-51
2.07973033946160735e-06
6.58322752135758830e-51
5.03363439082292045e-06
6.44436601918426629e-51
7.05942215802893161e-51
9.49841534009379930e-06
1.40545902789415463e-05
2.74458106115938517e-08
6.31240714970623144e-51
2.08278942475869566e-50
1.03405763861796983e-05
2.29573850487647329e-50
2.42935197143832224e-50
2.23625581468399167e-50
2.23116557379413348e-06
2.39098058538178888e-50
2.40143641722476083e-50
2.80242203294935783e-50
2.12423969853474684e-50
1.68955157880911284e-05
3.38626093730324805e-50
1.63465559054507672e-05
3.55735277065303650e-50
1.68105406094872875e-05
3.32305358427812803e-50
1.49650244409765591e-05
3.23618400538235300e-50
3.37207043635270622e-50
2.95529164611038688e-50
2.69826904548957895e-51
9.32670329648912922e-07
2.91632994137974037e-51
2.13409539795901807e-05
2.71877957218796466e-51
2.97676997981627602e-51
3.06716969142906510e-51
2.90229251108975776e-51
2.98715079988522532e-51
7.20592954660926989e-07
1.65812325199018678e-05
3.55721695032883810e-50
3.45038316817752674e-50
3.68026389871154139e-50
3.18813096526804816e-50
3.76600395105246256e-50
3.58031296577778026e-50
3.53976182344368658e-50
3.64235311379701729e-50
3.17662292279657618e-06
2.11012484483192418e-50
2.37893697549633013e-50
2.29331733223653178e-50
2.50213195267971429e-50
1.25025845180528103e-05
1.46385468260197553e-05
2.33251148744065953e-50
1.31364396502148996e-05
2.35689961204655519e-50
3.26756779032838886e-06
7.15615914108004261e-51
4.56215208450978275e-05
1.54725808696897347e-40
8.36677045053484769e-51
7.15578798504988621e-51
8.16074995077720531e-51
9.63372586282932338e-07
7.46739896497787951e-51
7.91102814779564431e-51
6.98124958826137317e-51
1.37061121918231410e-50
3.92124992746015424e-06
2.25282574873796736e-06
5.93054307687997257e-06
1.39248556600381875e-50
2.86144247649719183e-05
1.54757468981139290e-50
1.45710897270769325e-50
4.62354032041819585e-06
1.36434315164975739e-50
1.02526170170159954e-50
1.14752746966649304e-50
1.13764745915284490e-50
1.21645425520170376e-50
3.21794867292737725e-05
1.16282207051260045e-50
1.17993357647614396e-50
1.10516978317140802e-50
1.91891140497672283e-05
1.03195545637333491e-50
1.43975803525177275e-51
9.42782885890503167e-07
1.54977188019605242e-51
2.69593048846696455e-05
1.42650077323353365e-51
1.61747647558441543e-51
1.62127892710877323e-51
1.51922988852399541e-51
1.57765229580282533e-51
4.10461656291493216e-07
1.03847626263918823e-50
2.67593921288904131e-05
2.50275258577053681e-06
1.02858687663844814e-06
1.04873794685805260e-50
1.17544102793006875e-50
1.18450869948688725e-50
1.10446007297675022e-50
1.12126351606785616e-50
1.03408242879544799e-50
1.26350234584436347e-05
4.35908038095276181e-51
4.21353296669967698e-51
4.57819594866524598e-51
1.79135202402736360e-07
4.69569807890334225e-51
4.34121725642550953e-51
7.30698532169018563e-07
4.34642030619248807e-51
3.91501666589393312e-51
4.48060300038531151e-51
5.08051577317169031e-51
4.16555900477976431e-05
5.44402352778494721e-51
2.42752228593609168e-07
5.08195324370754726e-51
5.00151760544386527e-51
5.14824140558968050e-51
5.01600047664404286e-51
4.49213707793355619e-51
1.20922143340162304e-50
1.36022093870835234e-50
1.38674296353979519e-50
1.44428514137768819e-50
5.10238528629787591e-06
1.46206896266040032e-50
1.39543729087363502e-50
1.29226378094273405e-50
7.20946205048427197e-06
1.21047399774707882e-50
3.92707613038067091e-51
4.41789322535543462e-51
2.77525162572787795e-05
8.23665813565615208e-06
3.95052133951065068e-51
4.42240415613856845e-51
4.44251051709232096e-51
1.05667091674160227e-06
6.52854021801038911e-06
3.92582617269230662e-51
3.26489913990164088e-50
4.49600793972063888e-50
3.63785824542412268e-50
4.02286522459552981e-50
1.07504185463363752e-05
1.37857160663224388e-05
3.90184670090210709e-06
6.29707791867905442e-06
3.84997993880613321e-50
3.39793606615018918e-50
3.01174149636987840e-50
3.46603575213722099e-50
3.30008170999341194e-50
3.65049996097827903e-50
2.87052437879473866e-50
3.47296647578130746e-50
3.46460483777967461e-50
3.25461007092502809e-50
3.75875442234323829e-05
2.96662470765674333e-50
5.34809191184706309e-06
1.28700122038558886e-05
2.85901418739260101e-06
1.14031346868372404e-05
2.46258225369383797e-06
4.22608084555045532e-06
5.06240026565945228e-51
4.86287170711625778e-51
5.09350046146625799e-51
2.00461974056491917e-06
4.98541025897227317e-51
5.55864398051033871e-51
5.32895759012998224e-51
5.84739897526981458e-51
3.98428522849878397e-05
5.54347095243646257e-51
5.55044151650207605e-51
5.34685564287154392e-51
5.55658498111049120e-51
4.97763845514765972e-51
4.52027203272032033e-51
4.99916509117722962e-51
4.85998840663863619e-51
5.35506491924867168e-51
8.83934732338692597e-07
4.94881617920214973e-51
5.03667684868016256e-51
3.42154184107215263e-05
5.20747094381799356e-51
4.45667197603545912e-51
8.07359317096419579e-51
9.12993861718637427e-51
8.81931426647693065e-51
9.76867853991417305e-51
1.66334200035524532e-06
9.09228742496938604e-51
3.25357521400759559e-05
8.72725669985817568e-06
9.23766219637635697e-51
8.30352746286443469e-51
8.38945442699379530e-51
9.19373158896857228e-51
9.04627357510565209e-51
1.00530224983978763e-50
8.42994828555860104e-51
1.44964868116169760e-05
9.43074207931292162e-51
4.14524876907208581e-05
9.14473797059052997e-51
8.40826958508619679e-51
2.31230995659577010e-50
1.83414520721275685e-05
2.57824201279634514e-50
2.79553226020104213e-50
2.44462692547328640e-50
2.60813289866215052e-50
2.62071904084326160e-50
4.79371418036863523e-06
3.08109128426392446e-05
2.31201458820431303e-50
1.17191738766923353e-50
1.34122245332684093e-50
1.29165462180170755e-50
1.40905179626716738e-50
1.14663852781708758e-50
1.33273162537469030e-50
1.31991024738890182e-50
3.89781479771571647e-05
5.45158182279678351e-06
9.08526950614793536e-06
1.25667905588420620e-50
1.38449700147847135e-50
1.35886436155778712e-50
1.48534822132401641e-50
2.17120391972796026e-05
1.35440576982708850e-50
1.45391169893747597e-50
1.31562796346616151e-50
1.40593713940310677e-50
1.24999677670164109e-50
7.53696578112619577e-51
8.30634194673197283e-51
8.15170607161634578e-51
8.88492986000153143e-51
7.64848480584956618e-51
4.36581478767964722e-07
8.39151300104328445e-51
4.14557817609474558e-05
8.49830471890118747e-51
7.44386796788067642e-51
2.52545427572523367e-50
2.85333420472280734e-50
2.69134717384354030e-50
3.14476944296105654e-50
1.72782703010375811e-05
2.85713822205280254e-50
2.84728975719943810e-50
3.07166247764961657e-05
2.82051620363719817e-50
2.52322194902296573e-50
3.80255296662307571e-51
7.22480597823351188e-06
4.21881366676026736e-51
1.44036701129983324e-06
7.39893340369996658e-06
6.63117238565568929e-06
4.27216931042595498e-51
4.12479879622250979e-06
4.27306174124525255e-51
1.47336585001704797e-05
9.55757093670991013e-51
1.06123189911890946e-50
1.02544622598581044e-50
1.14153684202622076e-50
1.14871938698984453e-06
1.06024653552469456e-50
1.04029765024716837e-50
1.16671517884740038e-05
3.01742772595649802e-05
9.40686716030576009e-51
9.83118497419570434e-51
1.08548643548094512e-50
1.05382811399976906e-50
1.14993730859164457e-50
1.59344580911266096e-05
2.48073768036957026e-05
1.10661251101631412e-50
1.04275648274208738e-50
1.10253220950043327e-50
9.72477599968998506e-51
3.98953453212333222e-06
1.16039874339919711e-05
4.58763907815785647e-51
6.34305241267393081e-06
4.20692321307666858e-51
9.04632650809350579e-06
4.62398053235843059e-51
4.51408208767872336e-51
4.71603504718972749e-51
4.13551950270366320e-51
1.26567692398178263e-50
9.32976661593295569e-06
1.40166858547953955e-50
1.51427573906048295e-50
1.26838954445189693e-50
1.97857728234580116e-06
1.41585230160144193e-50
3.24610280567206157e-05
1.41639790006740599e-50
1.27498759257353215e-50
1.68549736421682773e-50
1.91125562732589413e-50
1.82961256861285064e-50
2.00663641541398884e-50
6.46606772039373778e-06
1.85910120008832451e-50
1.90040057314981462e-50
5.19240482271719758e-06
1.50318648427875358e-05
4.97215264898074703e-06
1.22710473066194388e-05
7.56509650763629192e-06
6.54526667386776631e-51
7.15789325723135461e-51
4.84887303358234550e-06
1.11655292276571835e-05
6.81882207017670782e-51
1.83094656886371787e-05
6.85215649720922085e-51
6.06381288223857882e-51
1.11946038764219470e-49
1.23668340082521147e-05
1.20868687270574415e-49
1.31631460876140325e-49
1.12617396057368048e-49
1.22934904208245857e-49
5.06524990695688223e-05
1.19965514781906216e-49
1.23499087450374254e-49
1.11165393238598764e-49
6.82090100935922579e-50
7.72534712586494448e-50
2.36267150477451742e-06
8.06248641580701406e-50
6.91405389789234931e-50
7.72049582649304942e-50
4.21151715347075256e-05
7.46002359689876950e-50
7.75373195292029948e-50
6.87438207106315124e-50
3.06348582053778524e-06
7.02591935849190598e-06
1.85344029916992185e-50
2.03912948091153725e-50
1.76163985724946045e-50
1.94883041434290676e-50
1.92953881780525605e-50
1.83703678315227760e-50
1.17175635239236930e-05
3.66706937157390672e-06
9.86972711792901444e-07
1.98667107592226702e-06
3.62469838946177291e-07
2.57032851056483678e-06
9.04556356293789418e-06
2.54851221338532636e-05
3.14498746440660204e-51
1.75487975974888102e-07
3.10956018663945232e-51
2.79401731964193065e-51
1.22999903270435966e-51
1.96604644701719258e-06
1.31416794456904962e-51
1.52674723617235050e-05
1.25343830537123215e-51
1.38971532738106145e-51
1.37070335206923299e-51
1.30457320870502297e-51
1.37279654971847791e-51
1.22095694210905552e-51
6.20550697397104695e-06
8.32340370137644048e-06
1.78209818895520927e-06
3.15148980050310673e-06
2.74958712679059175e-06
4.67104448822912862e-06
8.04281826397627627e-51
7.67790168589854008e-51
8.07732054994701114e-51
2.10981611941134782e-07
3.12736741486538394e-51
3.54972096564379805e-51
3.32173731402383884e-51
3.73317411528051950e-51
3.73018385177961744e-06
3.73366652062389180e-05
3.53930288864860091e-51
1.76132527362827087e-06
3.51970243072839625e-51
3.12082733535195473e-51
5.17418062395948205e-51
5.91848222375050624e-51
5.60182003772866199e-51
6.11751991537217361e-51
9.94859384504197677e-07
4.48276069570937053e-05
5.82504171910375111e-51
5.56061332457043760e-51
5.81333362066445458e-51
5.15548736282353724e-51
1.54159968125124212e-49
1.76282470819950268e-49
1.70062293278519025e-49
1.86327898094376436e-49
1.52039521629780432e-49
3.40064372717382811e-05
1.75182477951330366e-49
2.85060872927372013e-05
1.76293175280851565e-49
1.55198798494575414e-49
1.13331476580779511e-50
1.30285719923904947e-50
1.22179161223591282e-50
1.32986652392397202e-50
4.37243486558855314e-05
1.25770030256370526e-50
1.64744575566339192e-06
1.22904682171041687e-50
1.27543448934378211e-50
1.13135044083375256e-50
1.07706894936554189e-50
1.21711681516585496e-50
1.15928996386033410e-50
1.26211076407070523e-50
2.33418419348302792e-06
1.21267250495315980e-50
1.20914778178698378e-50
1.15333550811546377e-50
4.40092855231574294e-05
1.07124827423740186e-50
1.88669907745248568e-51
2.87887313181956846e-05
2.05884981091876398e-51
2.29014730504309201e-51
1.90051983096424580e-51
2.12110443807554604e-51
2.10890575663953627e-51
1.98400832054314662e-51
2.07601565959549743e-51
1.91069714341938527e-51
6.22282092536095904e-51
6.94069763225705267e-51
6.85592126359676353e-51
7.50557395071880636e-51
2.15112582365065917e-05
7.14129376723368742e-51
8.14339206698050464e-06
6.97426349862866331e-51
1.49237093286992561e-06
6.32736095261743700e-51
1.15569929517903830e-06
1.67987891242864478e-50
1.62243350109950080e-50
1.74999041154145824e-50
1.42367035840332351e-50
1.67785669145858697e-50
3.26105968431544222e-05
1.56441827666018626e-50
1.69491464685362872e-50
1.48025405592311170e-50
3.97884714335913754e-51
4.55598309403865438e-51
4.26647965021962268e-51
6.62869374846498926e-06
4.04853168379538004e-51
2.67831763167821457e-05
2.00007370294310790e-06
8.04234004193291017e-06
3.52879464943557733e-06
3.96255939708999221e-51
4.66676273462981197e-50
5.20655864778383748e-50
5.04408755077620919e-50
5.25111929446061294e-50
4.57681321529430057e-50
9.21527560951197088e-06
5.14121248337145071e-06
1.54388594729623269e-05
5.26931193388083389e-50
4.67180634747069354e-50
1.96798175718677204e-50
2.27174208594119799e-50
2.14617353100957145e-50
2.38355033254225943e-50
2.00703407771298550e-50
2.19749040962258996e-50
2.67620382441702807e-05
2.22928663341066962e-05
2.71698358841299946e-06
1.97905923193402542e-50
1.59610770706798883e-50
1.75919130764336789e-50
1.69586280898416080e-50
1.87741288789293238e-50
1.53485294129984927e-05
1.78346463146420989e-50
1.74335081443960524e-50
9.24220794346504302e-06
1.68241536695472222e-50
1.55059192796346746e-50
3.38744095710862945e-51
3.71120174755243218e-51
3.63863728615658765e-51
4.03555574016912964e-51
1.74385009241322815e-06
3.38364049646074268e-05
3.75530932502724943e-51
3.64043275319289436e-51
3.81358828106520371e-51
3.38257586087364887e-51
1.87214148148690784e-05
6.00030725319614987e-06
9.33402668390893001e-51
1.00684822035163076e-50
9.00684178729932215e-51
9.48925658866191066e-51
9.61998411142601566e-51
8.64997719081957000e-51
9.58731432460772416e-51
8.50180659751858973e-51
6.20369633164372864e-51
6.93303396664129822e-51
6.65616236432600199e-51
7.46356652270306073e-51
3.33365724968692994e-06
5.49552385681124779e-06
6.95751767452736411e-51
4.07919123770724825e-05
6.93297409404214836e-51
6.15873027505697306e-51
6.33901411339325119e-07
2.47111942826640307e-05
1.11336996067949715e-50
3.62529744541057824e-06
1.10595763506290282e-50
5.79869327573286849e-06
1.14723003761163750e-50
1.10537501318875463e-50
1.19973487531784469e-50
1.02435024219168738e-50
9.15636143724646900e-51
4.04964466481508919e-05
9.96309138153900436e-51
1.07175464647080514e-50
9.16789902210356763e-51
1.00872390620717762e-50
1.01184781739655329e-50
6.57661797279418935e-06
1.01647583110141736e-50
9.10484484348069990e-51
1.91775755954280791e-06
1.83066657828503919e-50
2.35695993765436880e-50
9.38632232855923225e-06
1.71363075492552378e-50
1.84225405274797140e-50
1.77518580864734103e-50
1.65232851106605970e-50
1.81010419530505330e-50
1.55799653217299984e-50
1.82341261766548446e-50
2.02897544277308487e-50
1.96203639484006803e-50
2.18081610490450797e-50
1.92879990576807992e-50
3.41269758728866776e-06
2.05594905189559033e-50
1.66549718819982840e-05
2.07344741118437241e-50
1.80061797724802949e-50
5.03704778599273641e-06
3.61600773489043866e-51
3.83860578287225234e-51
4.05550220680574731e-51
3.32606101364632387e-51
3.73459426675212857e-51
3.78733305136225465e-51
3.63349823512758430e-51
3.78843359147915896e-51
3.34544998387500000e-51
9.02731900378925622e-51
1.03508472313700978e-50
9.87193168588217780e-51
1.06827238880958828e-50
9.14791808872601341e-51
1.01660556559100191e-50
4.40959610931906251e-05
9.75263758570904300e-51
6.27500203557837011e-06
9.06128564210100949e-51
2.54605512138173950e-05
9.76641179454367849e-51
9.39555553922150403e-51
1.05767842786297860e-50
3.75543104394439274e-06
1.92678080292957752e-06
9.82158944893396075e-51
9.35533493924328089e-51
9.54390325119118828e-51
8.72869491541402711e-51
2.90656998713409075e-51
7.97209750068046319e-06
1.00295895228368664e-05
1.45503271298127212e-05
1.38444426919952899e-05
3.20805833288210142e-51
1.64246407097267107e-06
3.07930320655131162e-51
3.23567914676129912e-51
2.83825864658837017e-51
1.92846700913346878e-50
2.19556927593990507e-50
2.07522895408208424e-50
2.27663481356841704e-50
4.99662236501014266e-06
4.15255293841214863e-05
2.15627260449484670e-50
2.07846140354963141e-50
7.48005708750136011e-21
1.90745420592664542e-50
1.88619149482045443e-06
2.72771704304511704e-06
3.74765332809763045e-50
4.06318678070466558e-50
1.50608873830333161e-05
1.31890236985249729e-05
3.90135740083371296e-50
3.56200359216373566e-50
3.93054026044945610e-50
3.48579381162887289e-50
5.51851981486057898e-50
1.21697908895413106e-06
5.96213181908983183e-50
6.66838380042888428e-50
2.24719087653374252e-05
6.02435225976680444e-50
6.29057789897413054e-50
5.78317742209216085e-50
6.20733805770158425e-50
2.07773623561944522e-05
1.13663577784852204e-50
8.12104428901746146e-06
1.22742151765818506e-50
1.36225337129134166e-50
1.13539120862218706e-50
1.54818987391425079e-05
1.27728382441167475e-50
1.92618139997884086e-05
1.30289257891654454e-50
1.13561827028696460e-50
1.54021396258371600e-50
1.74782810951131816e-50
1.66345005456895754e-50
1.82799728821208415e-50
2.94661174014207210e-06
2.30650466767316498e-05
1.74184672177416742e-50
6.35039813165809833e-06
1.74105453097354283e-50
1.54796185025157277e-50
2.28464639029915973e-50
4.14408385707215032e-06
1.23365975911216644e-05
2.67495539292854903e-50
1.21927025784366599e-05
2.58815766528649674e-50
2.49604649771652556e-50
2.45811093738077654e-50
5.74079651391524843e-06
2.28398538857337748e-50
3.31815730693940038e-06
1.63398274115043567e-05
6.11152789988773557e-07
1.85992174470590285e-50
8.89706539210427769e-08
1.76868200507210060e-50
7.36004075049420101e-06
1.67354417310998382e-50
1.74558874485568545e-50
2.38921118862958903e-05
1.32339891589599683e-50
1.48233447991681503e-50
1.44309857225169096e-50
1.56070208286708535e-50
3.92354021516794156e-05
1.48197193500390531e-50
1.48599597897904395e-50
1.49638861114628363e-50
1.50974946995002432e-50
1.31955105495819082e-50
9.36635766327439188e-51
1.05404259919089627e-50
1.03231863192378226e-50
7.86896636816312027e-06
9.61472895220671807e-51
1.06580408069924535e-50
1.05201478016348427e-50
9.94204017660736143e-51
2.61932142693096060e-05
9.28749585861260627e-51
1.53146368450953866e-49
1.75245681209352101e-49
1.68891842528074666e-49
1.83827102974815629e-49
4.65760110010025137e-05
1.72344012142045757e-49
1.75588001524622455e-49
1.67927152325906265e-49
1.75803170120137707e-49
2.37183565715591704e-05
5.14675179265970461e-51
5.74070590002901645e-51
2.94661734135486326e-05
6.04663985077742585e-51
5.16976121502920406e-51
5.77311803571443240e-51
5.77477704636523199e-51
5.55502940153767328e-51
5.77698956333966859e-51
5.10749843568911833e-51
2.40241567198305158e-51
1.86994696145657049e-05
2.57949828754895797e-51
2.82469691348154299e-51
2.45765595395091436e-51
2.70187672246284113e-51
2.69249930434917127e-51
1.61211733469676970e-06
2.06628064316301018e-05
5.49657119408548885e-06
5.32307231346020071e-51
5.88530833502854327e-51
9.78106356243490907e-06
6.25221951198798783e-51
1.09365390184103181e-05
1.22109613576681057e-06
5.91213587931210773e-51
6.42665749207549116e-06
5.85228374437245073e-51
5.22345709310466818e-51
5.26730308133703844e-07
1.98578415376692244e-07
3.27182012417559279e-06
1.46929724052981975e-06
2.07198648492772960e-05
2.37732228459861950e-07
8.41185636988810674e-06
6.38729223007371284e-06
2.23554797314436987e-06
1.85803776587363542e-06
4.71298184121211156e-06
6.26533007829043406e-06
5.10554632719969088e-51
2.22626799315388142e-05
4.90356629086663199e-51
5.83984816845898746e-06
2.08181848861164912e-06
5.11406457118128135e-51
5.27895520976992366e-51
3.30874654750315933e-06
1.13563026875475743e-50
2.94211557941251644e-05
1.19648282433090250e-50
1.31956328085544507e-50
1.10660061693529371e-50
1.23595090016269486e-50
1.24013719722737695e-50
1.21953075988875620e-50
3.89246506469521659e-06
1.08943483249671316e-50
5.09408754011009075e-06
3.36526147331518224e-50
3.04900500826635873e-06
8.11975029900546419e-06
2.94516860336410367e-50
3.34264119449805680e-50
6.88076021343553823e-06
3.21692536333377677e-50
1.85425210866353107e-05
2.97878932999157084e-50
9.81724707732031998e-51
1.11215160372720172e-50
1.89987960137075215e-05
1.16333540534042963e-50
2.09414904462502097e-05
1.10792077470498509e-50
1.10802203583796292e-50
1.07865394753987596e-50
1.09350271039807053e-50
9.86111813401865626e-51
5.69758271818788941e-51
9.60370327397027832e-06
3.52116809062388551e-05
6.71942034119617377e-51
4.96593992392718285e-06
6.40907805828187641e-51
6.43006430506315068e-51
6.08686689846606452e-51
3.89048228223028640e-06
5.72479430189376117e-51
2.58134505949461701e-05
2.87028592667271445e-50
8.47433463316187908e-06
3.16393152211238660e-50
2.72859289416341974e-50
3.08468351412718215e-50
2.42215383978990386e-05
2.89242758809523001e-50
3.07177178208488693e-50
2.70498466723531977e-50
2.97464539502533368e-50
3.48723466452017318e-50
3.26923205452621921e-50
3.55466197745908157e-50
3.05325500035597627e-50
3.39743371432209488e-50
3.36738832285810102e-50
1.87319199673036480e-05
3.45563260828723577e-50
4.75072085008039796e-06
2.94227184849628281e-51
3.37659461915164027e-51
3.21912759280935084e-51
3.56823419400874774e-51
1.95531568895073042e-06
3.29815238885163237e-05
3.32152691836544507e-51
3.92493801873022028e-06
3.33184527481519248e-51
2.96452048400048303e-51
8.23428939513357016e-06
2.76695037033843841e-50
2.69837350873236438e-50
2.96061442543516596e-50
2.35205340383671934e-05
2.81163646348270010e-50
2.05886909725278758e-06
2.70630892948533677e-50
2.83165206161925975e-50
2.51179720585542790e-50
2.02871657175046931e-06
3.64679330563945919e-06
1.50514805630701406e-50
9.36280832540200097e-06
1.40101255311921439e-50
1.50931588520048403e-50
7.53858834810649639e-06
1.46532599272316991e-50
1.52196538259619127e-50
1.33134519533100986e-50
1.84781534610819903e-06
4.46391013555749312e-06
1.80625705264808162e-05
2.48754641323980903e-06
7.40022798058419456e-06
5.37182112087447380e-51
5.36654855886927665e-51
5.21870592833761941e-51
5.25442796286309146e-06
2.76013452290683784e-06
1.17826074303028117e-49
1.27882384700018734e-49
2.49760239051449672e-06
1.41272198578549548e-49
9.90349645709534769e-50
4.22444797297492631e-05
1.35268882862081865e-49
4.95840472052751857e-06
1.34169561410367034e-49
1.19210537184214240e-49
2.98033646375448094e-06
2.12490329959897680e-50
2.06580866617875799e-50
2.21591771132175815e-50
2.92394812608560025e-06
1.15250361569340284e-05
2.20286480916318590e-50
1.97763458368999599e-50
2.17600893871475966e-50
1.93073742360207694e-50
1.09542135241035144e-50
1.24074740854104867e-50
1.18139053797878317e-50
1.30356912901609476e-50
1.09451989912443820e-50
1.23790713075954583e-50
7.04722425968055038e-06
4.36273845296375365e-05
1.25357667820619108e-50
1.12045666370738193e-50
8.36588857907482938e-51
9.78759692245548871e-51
9.25411036116952637e-51
1.06991950716301385e-50
1.25708062629882817e-05
2.79645635959685077e-06
9.83893388572431841e-51
9.34884500653350717e-51
9.73968665340344976e-51
3.17491456354723736e-06
4.83441110801398906e-51
4.80315872147672083e-06
5.24791251858001665e-51
6.58227440279158147e-07
8.27661008051680256e-06
2.72511788815952838e-05
1.48149527391154851e-06
6.22920674320652189e-06
5.46359144247114329e-51
2.12591958443307698e-07
4.44149482542982580e-50
5.06605909515934454e-50
4.84100318828509891e-50
5.29486753177839668e-50
5.52526503517737015e-06
8.20275269049024124e-06
5.70956644620667093e-06
2.92929998807484732e-05
5.04484591625799886e-50
4.46676675004476057e-50
8.96578102073739702e-51
9.98477167011051462e-51
5.53322551426687280e-06
2.77228165312474284e-05
9.16349563402408213e-51
3.20324405258771107e-06
1.00415785721828125e-50
9.36382360112025705e-51
9.92506500978087425e-06
3.12998616477542848e-07
5.97567274164878740e-51
6.85572302956386257e-51
6.32302263465203008e-51
4.43280699785136723e-06
6.13198233430094135e-51
6.67329059974112006e-51
3.05302925752085205e-05
6.36531459769781103e-51
6.71001546542062633e-51
5.97611616719822939e-51
2.31832299822092939e-50
2.58148337343646231e-50
2.28129660165619881e-05
3.02506705226521026e-50
4.84552433160162536e-06
2.57760644933629099e-50
2.58763320737095704e-50
1.26043076474781856e-08
1.10958602992752756e-05
2.29464663618605734e-50
2.15229531354073382e-50
2.43365441086988368e-50
2.35139548147626854e-50
2.55667722413071583e-50
2.20679527306341869e-50
4.30464715294807181e-05
2.43151164792104716e-50
1.39781142871967487e-05
2.11823471013308063e-05
2.19655910335335954e-50
1.11222097842639395e-50
1.29187662740476177e-50
9.20162999330338685e-06
1.32146515136649293e-50
8.61047189675256049e-06
1.17808236030157673e-50
1.25579343466484600e-50
1.18687223369066853e-50
1.19061473150401186e-50
1.10410325987804363e-50
6.29504895696739856e-51
7.20836869461574105e-51
6.76189486619067419e-51
7.40789385201637530e-51
6.42791964393307142e-51
7.00518484688306303e-51
7.01676922048772788e-51
1.94789538237885412e-06
4.17307910705550720e-05
6.26899200658982403e-51
5.40522128332105808e-51
6.16866984567847539e-51
5.60047902290524546e-51
6.48047907556818335e-51
1.37016891297814238e-05
1.30170551606855243e-05
6.06519550860030506e-51
5.79716562819630433e-51
6.24639821769248858e-51
5.37541197959152688e-51
3.52287653150205910e-51
3.01427827361801001e-06
3.83788915208166087e-51
4.23681000688601636e-51
3.57779958557246003e-51
3.96604454681625234e-51
3.97614372380849022e-51
3.74105098329735775e-51
9.08895063241111950e-06
2.55197376938456837e-05
2.92599968114345015e-50
3.29402930262183677e-50
3.14515350053014632e-50
3.50713441905828855e-50
3.03320487847489359e-50
1.59891795121447312e-05
3.23334457676520632e-50
1.02557704791341534e-05
3.31476680550046366e-50
2.97175052654983765e-50
5.19001728649329041e-51
5.82160299708476908e-51
5.63338715829099217e-51
6.36064320663334204e-51
2.61958358110543994e-05
4.57006926329891250e-06
5.79984104334413671e-51
5.53825654790008707e-51
5.74798097835990846e-51
5.20179801959577052e-51
1.33847844724699812e-50
5.16657060658994161e-06
1.09619073844527032e-05
1.56801052361493466e-50
1.29999437831993433e-50
1.51462974555588387e-50
1.09257833643113438e-05
1.21608542270746676e-05
1.53078221949986527e-05
1.32516550310091183e-50
2.27340308551908038e-51
1.93135171859179794e-05
2.44165924019814416e-51
1.33556565567054195e-05
2.31435871047343231e-51
2.50094782918624183e-51
2.52208645668825564e-51
2.42334705822184613e-51
2.63478169049553814e-51
2.26086059700573489e-51
1.05282410729046505e-50
3.13489025097122983e-06
4.73495431056495747e-06
1.24482496107297391e-50
2.59088381778277290e-06
1.18795386676851499e-50
1.95363067320176546e-05
5.05754991655381776e-06
1.15236550157785986e-50
2.08199800225831825e-06
9.51068209724962216e-51
1.04647529519196763e-50
1.00260865362717733e-50
1.09785194751119212e-50
1.34577724943822673e-05
1.57036431627874039e-05
1.04895103223389221e-50
9.97603211578546928e-51
1.03967439087767058e-50
9.11204534111387437e-51
4.21534181016723930e-51
4.70582234763610320e-51
4.54409547704874258e-51
2.13162687856559780e-05
4.22071367332777938e-51
4.75306530130829206e-51
3.12707293379950989e-05
3.32896677327447497e-06
4.67520670674460811e-51
4.15699263336530693e-51
2.63051345714382686e-50
2.94844848023510408e-50
2.84671673593936835e-50
3.10303236190979374e-50
2.65765111118518540e-50
2.97087994436138751e-05
2.96507530758677583e-50
7.51467013326489452e-06
2.96611360291015637e-50
2.61928707843761370e-50
5.76309901250538731e-51
6.24054793289534771e-51
9.80235405902032101e-06
4.58155859156766425e-06
5.41994528179956227e-51
6.30630629488244259e-51
6.30880214579354024e-51
5.92688614976823949e-51
1.52040987956728421e-05
5.47606731807911875e-51
3.07366280264057445e-06
2.30822926204514118e-06
9.48723186563494715e-51
1.05045111945797101e-50
8.87173176810109912e-51
9.81807463823508636e-51
1.17603017378079514e-05
1.18114710990031380e-05
3.20751356827753318e-06
4.70588354525405148e-06
5.65057846727070876e-50
6.20400001512772335e-50
6.29658960853411085e-50
6.78093322043476827e-50
5.57169443095356976e-50
6.16134988371901676e-50
6.54250943728079752e-50
5.12211624221421197e-50
2.83831377343385922e-05
5.77899249357156171e-50
4.44305758703081706e-51
4.90872594404297909e-51
4.83187761509880938e-51
5.26883574078438468e-51
5.53875873985611458e-06
4.85175173304908556e-06
2.55357532566328041e-05
1.39535436356310428e-06
4.96676612444805529e-51
4.40797945691404831e-51
8.02051547540545493e-51
9.30807828709134356e-51
5.24180223989436569e-06
9.47698852848455112e-51
8.25985775958358800e-51
8.99633337602737218e-51
8.90233103379554822e-51
1.33434559961343787e-05
1.80249365751484487e-05
1.09264028000213233e-06
2.87096641455927516e-06
5.53471049477677916e-51
8.45690377619208549e-06
5.83408487389341387e-51
5.05301062985311044e-51
1.46587926653061102e-05
5.58465889412916234e-51
5.35982810226045128e-51
5.53497145452642542e-51
4.88456206051096691e-51
5.52739213272110628e-51
3.71964022856462089e-05
6.17989776270941098e-51
6.35795403950433961e-51
2.63689365101979691e-06
2.08759539288124878e-06
5.98474377422897427e-51
5.80108274744301511e-51
6.10732148349321549e-51
5.34343133531085077e-51
4.17570995298134979e-51
1.38010849981895460e-06
4.16334599282981843e-05
4.93282112464116236e-51
7.95972431183375728e-08
4.62425004624967836e-51
4.63340354596335541e-51
4.38939366295587600e-51
4.61119724630258736e-51
4.09233896697337598e-51
2.47550822240203214e-06
2.75207936548067854e-05
2.80490461052591598e-51
3.06696423805321384e-51
2.58706013576648081e-51
5.57123316899712057e-07
2.91950639864986311e-51
6.69474590703423053e-06
2.84899099531554591e-51
2.56866315485145010e-51
2.44091619922124458e-50
2.48932542600043803e-50
2.50937168117958405e-50
2.74004204648151893e-50
2.32385096219999562e-50
2.02703377077347429e-05
2.62102629918374277e-50
2.49552286930572378e-50
2.59824476795133474e-50
2.29485109194134576e-50
6.57417824709753856e-51
7.32465640230734983e-51
7.33124350075764039e-51
1.65516542565397645e-06
2.30940308094888063e-05
7.26494604427353699e-51
7.24515221019764964e-51
7.00440951803435202e-51
7.35391561441139136e-51
6.36302576573764685e-51
9.93555697548825265e-51
1.12342476436542079e-50
1.07357087568108171e-50
1.17514230469242633e-50
1.29065910783910644e-05
6.87039965522495292e-06
1.08877473754083201e-50
3.25081917054175819e-06
1.12211976386481842e-50
9.86348424196835058e-51
6.87343240918643832e-50
7.30338488408763464e-50
9.45600520620130522e-06
7.73953711193737816e-50
6.67011039231269559e-50
4.01819080250538565e-05
7.34211053461627795e-50
7.29561943915373461e-50
7.41444877170421246e-50
6.53852832097506074e-50
4.28791530345829347e-50
2.20069148653467645e-05
4.79459492571904456e-50
3.24624448741325769e-15
4.50535879107539405e-50
8.02129806103933221e-06
8.59697032560182692e-06
4.77180342612878990e-50
4.98824563222520944e-50
4.35860984918348668e-50
2.34368829549358200e-50
2.58733548434157764e-50
2.52023647105852958e-50
2.76999717463918985e-50
2.45390203739389648e-50
2.90801537860419312e-05
2.61967444663456255e-50
1.34750508213287150e-05
2.56096128433906569e-50
2.28512512890912963e-50
1.91340685010074708e-51
2.01473817606628282e-05
5.96476415641577633e-06
1.11532178655120688e-05
8.63519495802942620e-07
7.86396905624704266e-07
4.76432954334712297e-06
2.07624069698336587e-51
2.16719892618408961e-51
8.47625039750391204e-08
2.70685659800859871e-50
6.04734425020051631e-06
2.95059985458688162e-50
3.24282660803113318e-06
2.77853128530790049e-50
3.12226599293147684e-50
3.02951581987299732e-50
3.45281139357354042e-05
1.20449921177554729e-05
2.69808682371184778e-50
6.02217650294416650e-50
3.50048731173683685e-05
6.51726849824760823e-50
7.16432742197956281e-50
9.75429027483858127e-06
8.36301863699401314e-06
6.79173234124606057e-50
6.35033458859909688e-50
6.79177751774171668e-50
6.04291108534617735e-50
2.21959500472824068e-50
2.46760868479967813e-50
2.40208020673543903e-50
2.66244459957612715e-50
2.16786143706376549e-50
3.21937383157902478e-05
2.46639916692912760e-50
1.38456324465645307e-05
2.47651072799715187e-50
2.19770957069979298e-50
5.53094707889441491e-50
6.15494309325540322e-50
6.04777016636756285e-50
6.64990867240964463e-50
5.63141917964317609e-50
7.76544265848346921e-06
6.34829142726204525e-50
6.16471199814944098e-50
3.28110671317337333e-05
5.62590568909101047e-50
5.25510405666066358e-51
4.54318071110198784e-06
5.68300148651127782e-51
5.66329979411402286e-06
2.67523123807464081e-06
4.57223456906527393e-05
4.51580633131298145e-06
1.54375144755928876e-06
5.99160298108213643e-07
5.21221760816955553e-51
3.18351553292378224e-51
2.66412805437509578e-06
3.44319927658343498e-51
4.14661002422676192e-06
3.16670292365215058e-51
3.51915327552164566e-51
3.56395698959010341e-51
5.65144686648558130e-06
3.14746356864413290e-05
2.81301016122913249e-06
4.40139551701371527e-51
1.42651644290936732e-06
2.94051532604837452e-05
5.16859471934097161e-51
4.38860014616226356e-51
4.92993572616197919e-51
4.85480798704844533e-51
4.67153196110887816e-51
4.94172408035720792e-51
4.37957591385927342e-51
8.65569007053494542e-51
1.00124737970799540e-50
9.48725166983932425e-51
1.04328887885834817e-50
9.08801446421990637e-51
9.71842899152556494e-51
1.01025265547506548e-50
2.57107339879316176e-05
1.01282082184481188e-50
8.65305094234507234e-51
