6.33671156110163259e-47
6.34876448493224421e-47
6.51233634248829845e-47
6.65147487677745014e-47
5.17880199877715371e-311
1.00000000000000000e+00
4.12559989436933266e-308
3.12293944093333561e-310
6.11846298651304721e-47
6.27116525422980219e-47
6.63701740134854036e-47
3.32245618225744718e-309
1.00000000000000000e+00
6.12734063689270644e-47
4.14107743396025850e-308
6.63697081594295218e-47
5.85223054217329463e-47
7.44082604425016473e-47
6.58686881398187482e-47
5.95530908073808631e-47
4.38261778186424062e-47
4.53345970770470334e-47
5.29850458466990846e-47
4.30924183893574953e-47
3.72120832541440716e-311
8.21147152632179251e-309
2.89904608681848494e-308
1.00000000000000000e+00
4.74316480842353547e-47
4.15177536162022058e-47
4.80457830141374857e-47
2.62360124949989306e-309
1.00000000000000000e+00
4.24173579519514830e-47
2.77896255546796655e-308
5.07429745375014637e-47
5.16856450822603918e-47
4.56892297127625733e-47
4.75890220510294257e-47
4.07760305878661220e-47
5.05201965981296517e-47
5.51216422959514389e-47
5.72254032340656269e-47
5.98802506806803949e-47
4.87149582504962336e-311
8.24189783231468911e-309
3.71945578868591814e-308
2.75056939609333705e-310
5.17957486531222901e-47
5.28649696999057027e-47
5.09122492555929870e-47
1.00000000000000000e+00
1.00000000000000000e+00
5.52326120547018912e-47
3.72363291513630170e-308
4.88473652426937321e-47
4.99454691899834669e-47
5.43343210047529852e-47
5.18361334853356062e-47
4.95164269923881447e-47
2.59442424293697636e-47
2.85974185496770912e-47
3.64398487826400182e-47
3.38660323267244393e-47
2.53951551709495999e-311
5.78394565666761666e-309
1.00000000000000000e+00
1.00000000000000000e+00
2.99454306960813520e-47
3.11161249759327313e-47
2.87177809316625862e-47
1.58914241057120379e-309
1.19428919769341267e-307
2.54857977054386096e-47
1.94678834033215713e-308
2.90882127594381632e-47
3.40046559488182341e-47
3.09939289168473976e-47
2.89476770263301503e-47
3.11740846305104652e-47
1.19604208989763586e-43
1.17087214612335159e-43
1.15028914727424803e-43
1.14773718278039759e-43
3.00000000000000000e+00
1.84196113502788495e-305
7.39243564650792337e-305
2.00000000000000000e+00
1.16360953448523598e-43
1.17224338341175277e-43
1.14194104806913025e-43
1.00000000000000000e+00
3.95170449833581190e-304
1.17285667903140575e-43
1.00000000000000000e+00
1.15449836379204693e-43
1.17118223777514458e-43
1.13328104990672849e-43
1.14379023639852889e-43
1.17015563404268683e-43
5.41852669703688839e-46
5.40227667278193015e-46
6.45258706249266117e-46
6.24684712521261949e-46
5.12329536829516879e-310
1.00000000000000000e+00
3.69815143979802040e-307
1.00000000000000000e+00
5.19177296179309716e-46
5.08248156853917135e-46
6.47310434949940199e-46
2.00000000000000000e+00
1.90339895964199810e-306
5.55292756015625719e-46
3.29561826714802306e-307
5.33582945746281262e-46
5.90901084851521578e-46
6.43456731513375689e-46
5.43560366026918149e-46
5.39984281991632791e-46
2.85240888614467704e-47
3.32761857803254835e-47
3.26884879794179580e-47
3.41301934327350755e-47
3.08384095617257249e-311
5.17014790747633945e-309
1.00000000000000000e+00
1.00000000000000000e+00
3.05563873483772356e-47
2.86981014680071606e-47
3.43688115239113070e-47
1.75461387022797383e-309
1.14340196617171961e-307
3.01665970182882907e-47
2.20000677249826146e-308
3.41833353417258474e-47
3.32341212477671962e-47
3.24235242067636718e-47
3.37991209385377048e-47
3.32782920686496741e-47
5.28694972506397946e-46
5.41973639323743180e-46
6.14349988490890802e-46
5.37089929529461875e-46
4.66493699254130994e-310
1.00000000000000000e+00
3.84161513493708945e-307
1.00000000000000000e+00
5.76046972621113348e-46
4.85645330383737531e-46
5.30116974064764944e-46
3.01637829342490432e-308
1.88255447862193500e-306
5.65571243076464899e-46
1.00000000000000000e+00
5.42656547483810447e-46
5.39972303655553645e-46
6.24842994716762858e-46
5.79085736776478080e-46
5.65530316834913641e-46
3.08407484337402812e-47
3.02389172952276552e-47
3.12807119942507059e-47
3.28442516189483272e-47
2.72331965220513110e-311
5.25518940031664319e-309
1.81073626067783603e-308
1.00000000000000000e+00
3.07063635371453465e-47
2.77547077778853335e-47
3.51356821360112311e-47
1.89788136134148124e-309
1.11837825447163657e-307
2.96918214078619726e-47
1.00000000000000000e+00
3.28272349860229368e-47
3.05110995510205460e-47
3.55076058052379654e-47
2.94799581021579458e-47
2.97582605094431051e-47
2.88001691098454707e-47
3.05951485605093596e-47
3.70222188666416532e-47
3.64500016705030366e-47
2.76177721609885704e-311
5.97941040947134462e-309
2.02153559157630250e-308
1.00000000000000000e+00
3.35329821795521527e-47
3.08692223747845259e-47
3.55381713338541940e-47
1.92829407689755190e-309
1.10940793979259371e-307
2.81376097677093931e-47
1.00000000000000000e+00
3.59430050376989491e-47
3.43613471343552358e-47
3.33152358617695599e-47
3.05319281112463016e-47
3.05359841606898943e-47
9.88402957603520927e-45
1.16333375208450679e-44
1.16935022465467727e-44
1.27929913318645853e-44
2.00000000000000000e+00
1.00000000000000000e+00
7.14105495206465016e-306
5.64873990573511179e-308
1.21995803286224664e-44
1.15892409552914931e-44
1.32914340515772865e-44
5.96378073082178970e-307
4.82619885372731915e-305
1.13769514976008821e-44
6.61835084330882715e-306
1.24675630487785318e-44
1.11560046496276911e-44
1.29814458341006131e-44
1.29811018151379512e-44
1.18221653255675177e-44
2.89420981074644518e-47
3.24973381525439134e-47
3.37614019938384465e-47
3.25787710826728448e-47
2.67290968299936104e-311
1.00000000000000000e+00
1.96422987398672288e-308
1.40861137361568188e-310
3.34083301169814667e-47
2.64874383233524565e-47
3.52877021202767200e-47
1.00000000000000000e+00
1.26581342426545249e-307
2.87556939836062364e-47
1.86305124966204486e-308
3.40007636764489600e-47
3.06487088769281710e-47
3.33505672758016460e-47
3.13371643145673874e-47
3.05844642597992716e-47
7.11807572234892126e-46
7.69185279828764974e-46
9.03844138192539057e-46
7.80782225494825298e-46
1.00000000000000000e+00
1.22668976320066818e-307
5.16428321775250106e-307
3.55611452696283596e-309
7.06637559965461396e-46
7.53216076668692406e-46
8.37109117719312724e-46
1.00000000000000000e+00
2.60072562683075220e-306
7.49596428608528117e-46
4.60099562258328137e-307
7.85438612589026200e-46
7.90533169573854987e-46
8.49804421898791898e-46
7.32469788698036262e-46
6.96960641030510055e-46
1.34621828417431478e-45
1.27531499733765642e-45
1.60496744799408927e-45
1.37068264926476657e-45
3.00000000000000000e+00
2.17286162984368948e-307
8.14340077205916277e-307
6.64959234557413086e-309
1.30649445081684269e-45
1.26662870063459303e-45
1.29904437827871999e-45
7.44664775222890367e-308
4.84825512827976818e-306
1.41923985731873007e-45
9.06268277043282554e-307
1.37310365159661190e-45
1.55334120998151671e-45
1.60777224350086432e-45
1.31364763044426328e-45
1.19632031648102991e-45
2.77088762300309946e-45
2.74407380879354896e-45
3.01061975732271403e-45
2.73383336868382260e-45
2.00000000000000000e+00
4.38504071081298106e-307
1.00000000000000000e+00
1.38400463165923692e-308
2.60638921810608184e-45
2.81634123366836662e-45
2.68206217013799910e-45
1.51054900012563740e-307
9.39842143476735304e-306
2.81357881694570201e-45
1.91849768668108418e-306
2.87391948897672361e-45
2.71042186474696818e-45
2.96321984509672725e-45
3.08063171048361361e-45
2.86802936580251583e-45
9.90983531461038023e-46
1.09409237421920541e-45
1.20549801338068715e-45
1.29007623025491738e-45
1.00000000000000000e+00
1.81930998790901405e-307
1.00000000000000000e+00
5.26648955021171548e-309
1.22195086162675144e-45
1.14166920514132546e-45
1.30008135087349723e-45
6.39136765761564844e-308
4.19359429516927842e-306
9.63621506693048273e-46
7.69921834207101228e-307
1.13315038009034549e-45
1.07881613132979125e-45
1.29684919844191216e-45
1.24381049679064831e-45
1.03550261180867789e-45
